,TimeStamp,Delta_TP9,Delta_AF7,Delta_AF8,Delta_TP10,Theta_TP9,Theta_AF7,Theta_AF8,Theta_TP10,Alpha_TP9,Alpha_AF7,Alpha_AF8,Alpha_TP10,Beta_TP9,Beta_AF7,Beta_AF8,Beta_TP10,Gamma_TP9,Gamma_AF7,Gamma_AF8,Gamma_TP10,RAW_TP9,RAW_AF7,RAW_AF8,RAW_TP10,AUX_RIGHT,Accelerometer_X,Accelerometer_Y,Accelerometer_Z,Gyro_X,Gyro_Y,Gyro_Z,HeadBandOn,HSI_TP9,HSI_AF7,HSI_AF8,HSI_TP10,Battery,Elements,Participant,Test,Gender,English,Dominance
0,2022-11-01 14:40:48.900,,,,,,,,,,,,,,,,,,,,,,,,,,,,,,,,,,,,,,/muse/event/connected Muse-9E89,308,LHC,Male,Yes,Right
1,2022-11-01 14:40:49.900,0.6550103746182735,0.8414472260239758,1.002184783550153,1.093088756419213,0.4053013857191781,0.1281102212329105,1.33555503682864,1.537393615761791,0.6069521000329546,0.2956759542673164,1.016726933074084,1.258951559885858,0.7088842247069476,0.1588265742160426,0.7900429098500577,1.100430736493546,1.073005510796889,0.0359466010267627,0.3297933880274858,0.6582931244882329,848.1684981684982,815.1282051282052,734.5421245421246,894.908424908425,719.6336996336996,0.410645,0.089172,0.924011,3.484192,-5.114136,-0.5159,1.0,2.0,1.0,2.0,2.0,90.0,,308,LHC,Male,Yes,Right
2,2022-11-01 14:40:50.901,0.6550103746182735,0.6875916862015581,1.002184783550153,1.093088756419213,0.4053013857191781,0.0794393242650943,1.33555503682864,1.537393615761791,0.6069521000329546,0.1600218472900865,1.016726933074084,1.258951559885858,0.7088842247069476,0.1486724433650835,0.7900429098500577,1.100430736493546,1.073005510796889,0.0417696959228299,0.3297933880274858,0.6582931244882329,831.2454212454213,721.2454212454213,1025.054945054945,785.7142857142858,709.1575091575091,0.403137,0.082031,0.923767,3.738403,-3.902893,0.859833,1.0,2.0,1.0,4.0,2.0,90.0,,308,LHC,Male,Yes,Right
3,2022-11-01 14:40:51.901,0.6550103746182735,0.6950824495051606,1.002184783550153,1.093088756419213,0.4053013857191781,-0.058173385554453,1.33555503682864,1.537393615761791,0.6069521000329546,0.0174380506343748,1.016726933074084,1.258951559885858,0.7088842247069476,0.2231043784708467,0.7900429098500577,1.100430736493546,1.073005510796889,0.0764448097183951,0.3297933880274858,0.6582931244882329,799.8168498168499,838.901098901099,962.1978021978024,850.5860805860806,787.7289377289378,0.409363,0.090759,0.922241,3.461761,-4.493561,-0.044861,1.0,2.0,1.0,4.0,2.0,90.0,,308,LHC,Male,Yes,Right
4,2022-11-01 14:40:52.900,0.6550103746182735,0.6950824495051606,1.002184783550153,1.093088756419213,0.4053013857191781,-0.058173385554453,1.33555503682864,1.537393615761791,0.6069521000329546,0.0174380506343748,1.016726933074084,1.258951559885858,0.7088842247069476,0.2231043784708467,0.7900429098500577,1.100430736493546,1.073005510796889,0.0764448097183951,0.3297933880274858,0.6582931244882329,822.7838827838829,817.5457875457876,931.5750915750916,803.8461538461539,715.2014652014652,0.398132,0.089661,0.925903,3.977661,-3.521576,0.88974,1.0,2.0,1.0,2.0,2.0,90.0,,308,LHC,Male,Yes,Right
5,2022-11-01 14:40:53.900,0.6550103746182735,0.6950824495051606,1.002184783550153,1.093088756419213,0.4053013857191781,-0.058173385554453,1.33555503682864,1.537393615761791,0.6069521000329546,0.0174380506343748,1.016726933074084,1.258951559885858,0.7088842247069476,0.2231043784708467,0.7900429098500577,1.100430736493546,1.073005510796889,0.0764448097183951,0.3297933880274858,0.6582931244882329,765.1648351648352,841.7216117216118,1082.673992673993,790.952380952381,734.945054945055,0.404175,0.098389,0.940491,3.514099,-4.321594,-0.695343,1.0,2.0,1.0,2.0,2.0,90.0,,308,LHC,Male,Yes,Right
6,2022-11-01 14:40:54.483,,,,,,,,,,,,,,,,,,,,,,,,,,,,,,,,,,,,,,/muse/elements/blink,308,LHC,Male,Yes,Right
7,2022-11-01 14:40:54.901,0.6550103746182735,0.6950824495051606,1.002184783550153,1.093088756419213,0.4053013857191781,-0.058173385554453,1.33555503682864,1.537393615761791,0.6069521000329546,0.0174380506343748,1.016726933074084,1.258951559885858,0.7088842247069476,0.2231043784708467,0.7900429098500577,1.100430736493546,1.073005510796889,0.0764448097183951,0.3297933880274858,0.6582931244882329,625.7509157509157,799.4139194139194,911.4285714285714,732.1245421245421,759.5238095238095,0.403198,0.084167,0.932556,3.028107,-3.970184,0.747681,1.0,2.0,1.0,2.0,2.0,90.0,,308,LHC,Male,Yes,Right
8,2022-11-01 14:40:55.099,,,,,,,,,,,,,,,,,,,,,,,,,,,,,,,,,,,,,,/muse/elements/blink,308,LHC,Male,Yes,Right
9,2022-11-01 14:40:55.550,,,,,,,,,,,,,,,,,,,,,,,,,,,,,,,,,,,,,,/muse/elements/jaw_clench,308,LHC,Male,Yes,Right
10,2022-11-01 14:40:55.901,0.6550103746182735,0.6950824495051606,1.002184783550153,1.093088756419213,0.4053013857191781,-0.058173385554453,1.33555503682864,1.537393615761791,0.6069521000329546,0.0174380506343748,1.016726933074084,1.258951559885858,0.7088842247069476,0.2231043784708467,0.7900429098500577,1.100430736493546,1.073005510796889,0.0764448097183951,0.3297933880274858,0.6582931244882329,863.4798534798535,787.3260073260074,858.2417582417582,851.3919413919414,753.0769230769231,0.419617,0.10791,0.916565,4.201965,-3.902893,-0.16449,1.0,2.0,1.0,2.0,2.0,90.0,,308,LHC,Male,Yes,Right
11,2022-11-01 14:40:56.901,0.6550103746182735,0.6950824495051606,1.002184783550153,1.093088756419213,0.4053013857191781,-0.058173385554453,1.33555503682864,1.537393615761791,0.6069521000329546,0.0174380506343748,1.016726933074084,1.258951559885858,0.7088842247069476,0.2231043784708467,0.7900429098500577,1.100430736493546,1.073005510796889,0.0764448097183951,0.3297933880274858,0.6582931244882329,828.021978021978,846.1538461538462,1057.289377289377,833.2600732600733,784.5054945054945,0.400208,0.099731,0.93219,3.431854,-4.530945,0.029907,1.0,2.0,1.0,2.0,2.0,90.0,,308,LHC,Male,Yes,Right
12,2022-11-01 14:40:57.901,0.6550103746182735,0.5672558460926177,1.002184783550153,0.7482480240519703,0.4053013857191781,0.1989355393418789,1.33555503682864,0.7057527636709346,0.6069521000329546,0.2136060476330388,1.016726933074084,0.7891024779849648,0.7088842247069476,0.293565252074579,0.7900429098500577,0.8666289009735607,1.073005510796889,0.2879138914865428,0.3297933880274858,0.6296616868352136,843.7362637362637,804.6520146520147,945.2747252747253,859.047619047619,774.0293040293041,0.397461,0.103821,0.926331,3.439331,-3.783264,-0.463562,1.0,1.0,1.0,2.0,1.0,90.0,,308,LHC,Male,Yes,Right
13,2022-11-01 14:40:58.903,0.6550103746182735,0.785577998618752,1.002184783550153,0.7482480240519703,0.4053013857191781,0.2932830796330859,1.33555503682864,0.7057527636709346,0.6069521000329546,0.41069817124145,1.016726933074084,0.7891024779849648,0.7088842247069476,0.439118663641139,0.7900429098500577,0.8666289009735607,1.073005510796889,0.2568178134073456,0.3297933880274858,0.6296616868352136,846.1538461538462,786.9230769230769,945.2747252747253,874.7619047619048,714.3956043956044,0.406006,0.105347,0.929565,3.715973,-4.112244,0.209351,1.0,1.0,1.0,2.0,1.0,90.0,,308,LHC,Male,Yes,Right
14,2022-11-01 14:40:59.901,0.6550103746182735,0.8523293475266452,1.002184783550153,0.787115078674977,0.4053013857191781,0.3833491752525512,1.33555503682864,0.771932173260345,0.6069521000329546,0.6443045113512115,1.016726933074084,0.7708646948059442,0.7088842247069476,0.5427207790708454,0.7900429098500577,0.8893527319481158,1.073005510796889,0.1700236054324769,0.3297933880274858,0.6154374760810246,799.0109890109891,813.5164835164835,1025.457875457875,863.4798534798535,667.2527472527473,0.39679,0.112366,0.933716,3.783264,-4.007568,0.134583,1.0,1.0,1.0,2.0,1.0,90.0,,308,LHC,Male,Yes,Right
15,2022-11-01 14:41:00.910,0.6550103746182735,0.59711258599319,1.002184783550153,0.787115078674977,0.4053013857191781,0.0881010643357237,1.33555503682864,0.771932173260345,0.6069521000329546,0.598949449507478,1.016726933074084,0.7708646948059442,0.7088842247069476,0.400346577495714,0.7900429098500577,0.8893527319481158,1.073005510796889,-0.0447152528619711,0.3297933880274858,0.6154374760810246,848.974358974359,825.6043956043957,962.1978021978024,830.4395604395604,790.5494505494506,0.396667,0.110413,0.931824,3.72345,-4.291687,0.007477,1.0,2.0,1.0,2.0,2.0,90.0,,308,LHC,Male,Yes,Right
16,2022-11-01 14:41:01.173,,,,,,,,,,,,,,,,,,,,,,,,,,,,,,,,,,,,,,/muse/elements/jaw_clench,308,LHC,Male,Yes,Right
17,2022-11-01 14:41:01.784,,,,,,,,,,,,,,,,,,,,,,,,,,,,,,,,,,,,,,/muse/elements/jaw_clench,308,LHC,Male,Yes,Right
18,2022-11-01 14:41:01.900,0.6550103746182735,0.5545399886931881,1.002184783550153,0.4801852163367616,0.4053013857191781,0.2525749468639258,1.33555503682864,0.2362263021819404,0.6069521000329546,0.7402607100320507,1.016726933074084,0.5882175886316402,0.7088842247069476,0.4117248894966832,0.7900429098500577,0.8451404738769717,1.073005510796889,0.0236257704364591,0.3297933880274858,0.5781587866663992,838.0952380952381,776.4468864468864,913.040293040293,845.7509157509157,736.5567765567765,0.389343,0.116211,0.946899,5.031891,-3.132782,0.837402,1.0,1.0,1.0,2.0,1.0,90.0,,308,LHC,Male,Yes,Right
19,2022-11-01 14:41:02.901,0.9549276625690124,0.9267321922993744,1.002184783550153,0.3678891936868497,0.8878922372443055,1.012556127097782,1.33555503682864,0.3016124052861388,0.6340365056170132,0.9209564066523176,1.016726933074084,0.5882175886316402,0.9290072312590836,0.5424077323303792,0.7900429098500577,0.7605726781945386,0.8710109084313451,0.3210336094949565,0.3297933880274858,0.6012569490930209,853.4065934065934,838.0952380952381,1039.96336996337,842.5274725274726,726.886446886447,0.391174,0.100891,0.936707,2.093506,-4.11972,0.224304,1.0,1.0,1.0,2.0,1.0,90.0,,308,LHC,Male,Yes,Right
20,2022-11-01 14:41:03.887,,,,,,,,,,,,,,,,,,,,,,,,,,,,,,,,,,,,,,/muse/elements/jaw_clench,308,LHC,Male,Yes,Right
21,2022-11-01 14:41:03.901,0.8129550185434632,0.9267321922993744,1.002184783550153,0.5792972313196804,0.8208795001631719,1.012556127097782,1.33555503682864,0.2432953378271463,0.587366412572613,0.9209564066523176,1.016726933074084,0.3125147427118435,0.968751194799736,0.5424077323303792,0.7900429098500577,0.7955293830339668,0.7714710226657739,0.3210336094949565,0.3297933880274858,0.6452475284373443,811.9047619047619,717.6190476190476,718.8278388278388,819.96336996337,1006.520146520147,0.38678,0.102966,0.93634,3.215027,-5.099182,-0.942078,1.0,1.0,1.0,2.0,1.0,85.0,,308,LHC,Male,Yes,Right
22,2022-11-01 14:41:04.900,0.9208245500902644,0.9267321922993744,1.002184783550153,0.4990132477067257,0.7791400207589074,1.012556127097782,1.33555503682864,0.2484285034761938,0.4240512109975183,0.9209564066523176,1.016726933074084,0.3125147427118435,0.9653441334859648,0.5424077323303792,0.7900429098500577,0.7951774777499139,0.8589429856963124,0.3210336094949565,0.3297933880274858,0.6389502309498404,822.7838827838829,781.2820512820513,981.1355311355312,842.9304029304029,845.3479853479854,0.385254,0.1073,0.939941,2.736511,-4.710388,-0.089722,1.0,1.0,1.0,2.0,1.0,85.0,,308,LHC,Male,Yes,Right
23,2022-11-01 14:41:05.901,0.5301260845411726,0.9267321922993744,1.002184783550153,0.6940673194011423,0.057848717834984,1.012556127097782,1.33555503682864,0.3886692386002437,0.4733284040200126,0.9209564066523176,1.016726933074084,0.3473969202701999,0.7249643664923093,0.5424077323303792,0.7900429098500577,0.789753448038924,1.078917464507509,0.3210336094949565,0.3297933880274858,0.6780817510877897,847.3626373626374,825.6043956043957,1018.608058608059,831.2454212454213,696.6666666666667,0.387878,0.099548,0.938354,2.564545,-4.209442,-1.59256,1.0,1.0,1.0,2.0,1.0,85.0,,308,LHC,Male,Yes,Right
24,2022-11-01 14:41:06.902,0.3807817899001237,0.7754187662759888,1.002184783550153,0.6438182165958319,-0.0110248204362802,0.2058877634469381,1.33555503682864,0.2268810614832409,0.3792070330371625,0.1227260458612283,1.016726933074084,0.325517081936213,0.9002013201515585,0.5027734689882855,0.7900429098500577,0.7785999878572247,0.8742020737621952,0.3208489628598053,0.3297933880274858,0.5836182147307776,827.6190476190476,811.5018315018315,863.8827838827839,870.7326007326008,684.5787545787546,0.381409,0.094421,0.93335,2.497253,-3.641205,-0.568237,1.0,1.0,1.0,2.0,1.0,85.0,,308,LHC,Male,Yes,Right
25,2022-11-01 14:41:07.456,,,,,,,,,,,,,,,,,,,,,,,,,,,,,,,,,,,,,,/muse/elements/jaw_clench,308,LHC,Male,Yes,Right
26,2022-11-01 14:41:07.900,0.2933326894092662,0.7754187662759888,1.002184783550153,0.6438182165958319,0.0111604693350952,0.2058877634469381,1.33555503682864,0.2268810614832409,0.6080637226232478,0.1227260458612283,1.016726933074084,0.325517081936213,0.9744750823973108,0.5027734689882855,0.7900429098500577,0.7785999878572247,0.7786686125069585,0.3208489628598053,0.3297933880274858,0.5836182147307776,850.989010989011,825.6043956043957,990.0,820.3663003663004,703.1135531135532,0.266235,0.112244,0.963989,8.725433,-11.40213,-8.418884,1.0,1.0,1.0,2.0,1.0,85.0,,308,LHC,Male,Yes,Right
27,2022-11-01 14:41:07.967,,,,,,,,,,,,,,,,,,,,,,,,,,,,,,,,,,,,,,/muse/elements/jaw_clench,308,LHC,Male,Yes,Right
28,2022-11-01 14:41:08.351,,,,,,,,,,,,,,,,,,,,,,,,,,,,,,,,,,,,,,/muse/elements/jaw_clench,308,LHC,Male,Yes,Right
29,2022-11-01 14:41:08.902,0.2569397373649946,0.7754187662759888,1.002184783550153,0.6438182165958319,0.1906746376324632,0.2058877634469381,1.33555503682864,0.2268810614832409,0.5960733752720799,0.1227260458612283,1.016726933074084,0.325517081936213,1.035519979470582,0.5027734689882855,0.7900429098500577,0.7785999878572247,0.7568431583108414,0.3208489628598053,0.3297933880274858,0.5836182147307776,847.7655677655678,752.6739926739926,983.1501831501832,833.6630036630037,764.3589743589744,0.286011,0.104858,0.962097,1.233673,-5.181427,-0.777588,1.0,1.0,1.0,2.0,1.0,85.0,,308,LHC,Male,Yes,Right
30,2022-11-01 14:41:09.490,,,,,,,,,,,,,,,,,,,,,,,,,,,,,,,,,,,,,,/muse/elements/blink,308,LHC,Male,Yes,Right
31,2022-11-01 14:41:09.891,,,,,,,,,,,,,,,,,,,,,,,,,,,,,,,,,,,,,,/muse/elements/jaw_clench,308,LHC,Male,Yes,Right
32,2022-11-01 14:41:09.901,0.2569397373649946,0.7754187662759888,1.002184783550153,0.6438182165958319,0.1906746376324632,0.2058877634469381,1.33555503682864,0.2268810614832409,0.5960733752720799,0.1227260458612283,1.016726933074084,0.325517081936213,1.035519979470582,0.5027734689882855,0.7900429098500577,0.7785999878572247,0.7568431583108414,0.3208489628598053,0.3297933880274858,0.5836182147307776,819.1575091575091,815.1282051282052,802.6373626373627,767.1794871794872,766.3736263736264,0.284729,0.109802,0.961365,2.033691,-6.474915,-3.117828,1.0,2.0,1.0,2.0,2.0,85.0,,308,LHC,Male,Yes,Right
33,2022-11-01 14:41:10.901,0.2569397373649946,0.7754187662759888,1.002184783550153,0.6438182165958319,0.1906746376324632,0.2058877634469381,1.33555503682864,0.2268810614832409,0.5960733752720799,0.1227260458612283,1.016726933074084,0.325517081936213,1.035519979470582,0.5027734689882855,0.7900429098500577,0.7785999878572247,0.7568431583108414,0.3208489628598053,0.3297933880274858,0.5836182147307776,819.5604395604396,814.3223443223443,855.8241758241759,788.5347985347986,758.7179487179487,0.284241,0.125916,0.975342,2.729034,-3.753357,-0.127106,1.0,2.0,1.0,2.0,2.0,85.0,,308,LHC,Male,Yes,Right
34,2022-11-01 14:41:11.017,,,,,,,,,,,,,,,,,,,,,,,,,,,,,,,,,,,,,,/muse/elements/jaw_clench,308,LHC,Male,Yes,Right
35,2022-11-01 14:41:11.311,,,,,,,,,,,,,,,,,,,,,,,,,,,,,,,,,,,,,,/muse/elements/jaw_clench,308,LHC,Male,Yes,Right
36,2022-11-01 14:41:11.538,,,,,,,,,,,,,,,,,,,,,,,,,,,,,,,,,,,,,,/muse/elements/jaw_clench,308,LHC,Male,Yes,Right
37,2022-11-01 14:41:11.905,0.2569397373649946,0.7754187662759888,1.002184783550153,0.6438182165958319,0.1906746376324632,0.2058877634469381,1.33555503682864,0.2268810614832409,0.5960733752720799,0.1227260458612283,1.016726933074084,0.325517081936213,1.035519979470582,0.5027734689882855,0.7900429098500577,0.7785999878572247,0.7568431583108414,0.3208489628598053,0.3297933880274858,0.5836182147307776,810.2930402930403,816.3369963369963,927.5457875457876,819.96336996337,764.7619047619048,0.299133,0.111877,0.968079,3.37204,-6.459961,0.142059,1.0,2.0,1.0,2.0,2.0,85.0,,308,LHC,Male,Yes,Right
38,2022-11-01 14:41:12.906,0.2569397373649946,0.1109426529378473,1.002184783550153,0.6438182165958319,0.1906746376324632,0.2256804302741642,1.33555503682864,0.2268810614832409,0.5960733752720799,0.3241713369413506,1.016726933074084,0.325517081936213,1.035519979470582,0.395034118265376,0.7900429098500577,0.7785999878572247,0.7568431583108414,0.4718232452131401,0.3297933880274858,0.5836182147307776,854.2124542124542,810.6959706959707,827.6190476190476,800.2197802197802,749.047619047619,0.295349,0.114929,0.973145,3.297272,-5.33844,-0.343933,1.0,2.0,1.0,2.0,2.0,85.0,,308,LHC,Male,Yes,Right
39,2022-11-01 14:41:12.953,,,,,,,,,,,,,,,,,,,,,,,,,,,,,,,,,,,,,,/muse/elements/jaw_clench,308,LHC,Male,Yes,Right
40,2022-11-01 14:41:13.745,,,,,,,,,,,,,,,,,,,,,,,,,,,,,,,,,,,,,,/muse/elements/jaw_clench,308,LHC,Male,Yes,Right
41,2022-11-01 14:41:13.901,0.6158067767080305,-0.0553064564401954,1.002184783550153,0.6438182165958319,0.4044305519647977,0.1975854694123268,1.33555503682864,0.2268810614832409,0.3759964844520909,0.4989746577554212,1.016726933074084,0.325517081936213,0.8588672672579886,0.4358191502544228,0.7900429098500577,0.7785999878572247,1.109356686430631,0.4313212690094284,0.3297933880274858,0.5836182147307776,817.948717948718,797.8021978021978,947.6923076923076,853.8095238095239,744.2124542124542,0.296448,0.127136,0.971802,2.15332,-5.71228,0.523376,1.0,1.0,1.0,2.0,1.0,85.0,,308,LHC,Male,Yes,Right
42,2022-11-01 14:41:14.903,0.4995718707327914,0.3174740256055018,1.002184783550153,0.4994964901212191,0.2068125273055054,-0.0501695333483878,1.33555503682864,0.3925472359257933,0.5918202165445878,0.6346415131345579,1.016726933074084,0.6104371753392648,0.8916218107664463,0.4924550443400456,0.7900429098500577,0.388780287147685,1.037683276998299,0.1282072080698973,0.3297933880274858,0.5299892221686737,807.0695970695971,804.6520146520147,958.974358974359,827.2161172161173,626.1538461538462,0.300598,0.129395,0.961365,3.641205,-2.968292,-0.687866,1.0,1.0,1.0,2.0,1.0,90.0,,308,LHC,Male,Yes,Right
43,2022-11-01 14:41:15.911,0.62654193737517,0.2882083479418718,1.002184783550153,0.5523276101915496,0.3776077840557566,-0.2519703510280308,1.33555503682864,0.3647472143661102,0.858178259278149,0.5811865897626646,1.016726933074084,0.6399936382502147,0.9252676114322472,0.5529611193913512,0.7900429098500577,0.4778052895550857,0.922202572980553,0.1898004037036927,0.3297933880274858,0.6012004756098532,857.032967032967,810.2930402930403,837.6923076923077,844.1391941391942,679.7435897435897,0.303406,0.124268,0.96106,3.087921,-4.515991,0.657959,1.0,1.0,1.0,2.0,1.0,90.0,,308,LHC,Male,Yes,Right
44,2022-11-01 14:41:16.416,,,,,,,,,,,,,,,,,,,,,,,,,,,,,,,,,,,,,,/muse/elements/jaw_clench,308,LHC,Male,Yes,Right
45,2022-11-01 14:41:16.887,,,,,,,,,,,,,,,,,,,,,,,,,,,,,,,,,,,,,,/muse/elements/jaw_clench,308,LHC,Male,Yes,Right
46,2022-11-01 14:41:16.901,0.7849037336296365,0.2882083479418718,1.002184783550153,0.6049488067620812,0.4485045026292587,-0.2519703510280308,1.33555503682864,0.280738383369896,0.8251163291159421,0.5811865897626646,1.016726933074084,0.3690065763348123,0.8711475638716376,0.5529611193913512,0.7900429098500577,0.5709251708901709,0.7119020151101954,0.1898004037036927,0.3297933880274858,0.6839187342761319,809.4871794871796,795.3846153846154,878.3882783882784,796.996336996337,655.1648351648352,0.297729,0.136536,0.967407,3.947754,-3.588867,1.59256,1.0,1.0,1.0,2.0,1.0,90.0,,308,LHC,Male,Yes,Right
47,2022-11-01 14:41:17.401,,,,,,,,,,,,,,,,,,,,,,,,,,,,,,,,,,,,,,/muse/elements/jaw_clench,308,LHC,Male,Yes,Right
48,2022-11-01 14:41:17.730,,,,,,,,,,,,,,,,,,,,,,,,,,,,,,,,,,,,,,/muse/elements/jaw_clench,308,LHC,Male,Yes,Right
49,2022-11-01 14:41:17.901,0.9194418045495512,0.6722591249431734,1.002184783550153,0.6049488067620812,0.501479740631528,0.5734216413934294,1.33555503682864,0.280738383369896,0.3099515019966351,0.7542981387457284,1.016726933074084,0.3690065763348123,0.7511828796275217,0.4705383784117242,0.7900429098500577,0.5709251708901709,0.7086701370011667,0.5862133159466912,0.3297933880274858,0.6839187342761319,804.2490842490843,815.934065934066,962.1978021978024,787.3260073260074,751.8681318681319,0.331299,0.137634,0.953979,2.287903,-4.605713,-0.710297,1.0,1.0,1.0,2.0,1.0,90.0,,308,LHC,Male,Yes,Right
50,2022-11-01 14:41:17.928,,,,,,,,,,,,,,,,,,,,,,,,,,,,,,,,,,,,,,/muse/elements/jaw_clench,308,LHC,Male,Yes,Right
51,2022-11-01 14:41:18.110,,,,,,,,,,,,,,,,,,,,,,,,,,,,,,,,,,,,,,/muse/elements/jaw_clench,308,LHC,Male,Yes,Right
52,2022-11-01 14:41:18.630,,,,,,,,,,,,,,,,,,,,,,,,,,,,,,,,,,,,,,/muse/elements/jaw_clench,308,LHC,Male,Yes,Right
53,2022-11-01 14:41:18.901,0.6015052150828762,0.4990106460645592,1.002184783550153,0.8921547437439503,0.3355783466058262,0.4113566335422629,1.33555503682864,0.552759237565485,0.4762312019719924,0.7898118501458673,1.016726933074084,0.5613572513565671,0.8541978412091877,0.5937899099984912,0.7900429098500577,0.6075115816117073,0.729656361756236,0.4737767389445802,0.3297933880274858,0.6895350387913836,786.9230769230769,796.996336996337,871.941391941392,816.7399267399268,703.1135531135532,0.305237,0.129395,0.963013,2.257996,-4.164581,-0.134583,1.0,1.0,1.0,2.0,1.0,90.0,,308,LHC,Male,Yes,Right
54,2022-11-01 14:41:19.467,,,,,,,,,,,,,,,,,,,,,,,,,,,,,,,,,,,,,,/muse/elements/jaw_clench,308,LHC,Male,Yes,Right
55,2022-11-01 14:41:19.647,,,,,,,,,,,,,,,,,,,,,,,,,,,,,,,,,,,,,,/muse/elements/jaw_clench,308,LHC,Male,Yes,Right
56,2022-11-01 14:41:19.904,0.1233408634598614,0.3607141115455867,1.002184783550153,0.6240200096508111,0.3539281878534741,-0.190129817382293,1.33555503682864,0.5746666489985409,0.583480680984732,0.6594486617953187,1.016726933074084,0.4181411101945235,0.8581657463555871,0.5371244225265029,0.7900429098500577,0.6898880338906589,0.8806348447192847,0.2193317354625927,0.3297933880274858,0.5685037123365378,798.2051282051282,801.025641025641,935.6043956043956,783.2967032967033,615.2747252747253,0.314941,0.137329,0.965088,2.901001,-4.164581,-1.914062,1.0,1.0,1.0,2.0,1.0,90.0,,308,LHC,Male,Yes,Right
57,2022-11-01 14:41:20.901,0.5341181575994535,0.3607141115455867,1.002184783550153,0.6179112006119023,0.332774370868657,-0.190129817382293,1.33555503682864,0.6048009138935593,0.4896740560196569,0.6594486617953187,1.016726933074084,0.3217582276129286,0.8281790198184514,0.5371244225265029,0.7900429098500577,0.6503985241009865,0.6947813381766602,0.2193317354625927,0.3297933880274858,0.4072770337291945,811.5018315018315,808.6813186813187,812.3076923076924,823.5897435897436,829.6336996336996,0.318176,0.134277,0.964233,3.39447,-3.259888,-0.523376,1.0,1.0,1.0,2.0,1.0,90.0,,308,LHC,Male,Yes,Right
58,2022-11-01 14:41:21.292,,,,,,,,,,,,,,,,,,,,,,,,,,,,,,,,,,,,,,/muse/elements/jaw_clench,308,LHC,Male,Yes,Right
59,2022-11-01 14:41:21.901,0.7327888123043513,0.3607141115455867,1.002184783550153,0.7560607623447827,0.1289877277952169,-0.190129817382293,1.33555503682864,0.2430692941642921,0.5402704210315031,0.6594486617953187,1.016726933074084,0.338292903833483,0.696726843407316,0.5371244225265029,0.7900429098500577,0.5502110194661312,0.7124375591794149,0.2193317354625927,0.3297933880274858,0.3133995057913407,792.1611721611722,797.3992673992674,746.6300366300367,757.5091575091575,686.5934065934066,0.311707,0.135986,0.96167,3.028107,-4.785156,-0.448608,1.0,1.0,1.0,2.0,1.0,90.0,,308,LHC,Male,Yes,Right
60,2022-11-01 14:41:22.809,,,,,,,,,,,,,,,,,,,,,,,,,,,,,,,,,,,,,,/muse/elements/jaw_clench,308,LHC,Male,Yes,Right
61,2022-11-01 14:41:22.900,0.605339728135172,0.3607141115455867,1.002184783550153,0.7302488946266725,0.1266003280717618,-0.190129817382293,1.33555503682864,-0.0250816463721521,0.5344179956489482,0.6594486617953187,1.016726933074084,0.5084222627262566,0.7234216414481486,0.5371244225265029,0.7900429098500577,0.5895122514712368,0.5955263067126333,0.2193317354625927,0.3297933880274858,0.3215364272185174,808.2783882783883,791.3553113553114,984.7619047619048,779.6703296703297,643.0769230769231,0.335632,0.153381,0.977661,0.418701,-4.538422,-7.641296,1.0,1.0,1.0,2.0,1.0,90.0,,308,LHC,Male,Yes,Right
62,2022-11-01 14:41:23.615,,,,,,,,,,,,,,,,,,,,,,,,,,,,,,,,,,,,,,/muse/elements/jaw_clench,308,LHC,Male,Yes,Right
63,2022-11-01 14:41:23.837,,,,,,,,,,,,,,,,,,,,,,,,,,,,,,,,,,,,,,/muse/elements/jaw_clench,308,LHC,Male,Yes,Right
64,2022-11-01 14:41:23.901,0.6302080823204561,0.3607141115455867,1.002184783550153,0.6367966274596936,0.3070850856022119,-0.190129817382293,1.33555503682864,0.2103279949989657,0.6520096881164423,0.6594486617953187,1.016726933074084,0.6942083056017976,0.7961426250686556,0.5371244225265029,0.7900429098500577,0.6833703149777903,0.6385724804026911,0.2193317354625927,0.3297933880274858,0.3932211030790287,829.6336996336996,834.8717948717949,894.1025641025641,808.6813186813187,796.1904761904763,0.303711,0.116333,0.953857,1.502838,-3.237457,0.800018,1.0,1.0,1.0,2.0,1.0,90.0,,308,LHC,Male,Yes,Right
65,2022-11-01 14:41:24.017,,,,,,,,,,,,,,,,,,,,,,,,,,,,,,,,,,,,,,/muse/elements/jaw_clench,308,LHC,Male,Yes,Right
66,2022-11-01 14:41:24.804,,,,,,,,,,,,,,,,,,,,,,,,,,,,,,,,,,,,,,/muse/elements/jaw_clench,308,LHC,Male,Yes,Right
67,2022-11-01 14:41:24.901,0.8040331336896287,0.3607141115455867,1.002184783550153,0.64261424265825,0.2416549519982128,-0.190129817382293,1.33555503682864,0.3419279467687535,0.5735478574954336,0.6594486617953187,1.016726933074084,0.6309552747978779,0.7117715778295588,0.5371244225265029,0.7900429098500577,0.6865997419457113,0.6894991187841062,0.2193317354625927,0.3297933880274858,0.6341313200082911,823.1868131868132,803.040293040293,926.3369963369964,791.3553113553114,785.7142857142858,0.321228,0.13208,0.957947,2.564545,-2.998199,-1.951447,1.0,1.0,1.0,2.0,1.0,90.0,,308,LHC,Male,Yes,Right
68,2022-11-01 14:41:25.900,1.274547703578189,0.3607141115455867,1.002184783550153,0.8035374106787392,0.7806176388596606,-0.190129817382293,1.33555503682864,0.3246747690509829,0.3880911500014841,0.6594486617953187,1.016726933074084,0.5178248843289065,0.9456667515039688,0.5371244225265029,0.7900429098500577,0.6367040888258705,0.7284592919915568,0.2193317354625927,0.3297933880274858,0.6771036678930877,777.6556776556777,786.5201465201466,920.6959706959708,765.1648351648352,705.5311355311355,0.309631,0.149048,0.966003,3.678589,-5.398254,-0.807495,1.0,1.0,1.0,2.0,1.0,90.0,,308,LHC,Male,Yes,Right
69,2022-11-01 14:41:26.172,,,,,,,,,,,,,,,,,,,,,,,,,,,,,,,,,,,,,,/muse/elements/jaw_clench,308,LHC,Male,Yes,Right
70,2022-11-01 14:41:26.901,0.7074701623545616,0.3636156567031512,1.002184783550153,0.8601986810841484,0.1906352776942038,0.3137861167018722,1.33555503682864,0.2203448633978406,0.5710784331572617,0.188213326046982,1.016726933074084,0.6844624578983635,0.864015928495681,0.4178539526129268,0.7900429098500577,0.6235507694668105,0.774354310295588,0.5567693905126432,0.3297933880274858,0.6006660912702849,822.7838827838829,813.1135531135532,882.4175824175825,754.6886446886447,639.047619047619,0.303955,0.138977,0.961548,2.385101,-4.07486,-1.951447,1.0,1.0,1.0,2.0,1.0,90.0,,308,LHC,Male,Yes,Right
71,2022-11-01 14:41:27.761,,,,,,,,,,,,,,,,,,,,,,,,,,,,,,,,,,,,,,/muse/elements/blink,308,LHC,Male,Yes,Right
72,2022-11-01 14:41:27.761,,,,,,,,,,,,,,,,,,,,,,,,,,,,,,,,,,,,,,/muse/elements/jaw_clench,308,LHC,Male,Yes,Right
73,2022-11-01 14:41:27.904,0.4815449359026006,0.5460285283730479,1.002184783550153,0.8388772269642877,0.0549289783832547,0.516834445635577,1.33555503682864,0.2962193954787198,0.4339542857566067,0.5581483297855145,1.016726933074084,0.5454781297680588,0.7730568745436243,0.4138384587822811,0.7900429098500577,0.6521525581426083,0.8251336928977709,0.4839883874359077,0.3297933880274858,0.3685039989201578,920.2930402930403,826.4102564102565,981.941391941392,868.3150183150184,766.3736263736264,0.300781,0.142212,0.970215,5.473022,0.463562,2.123413,1.0,1.0,1.0,2.0,1.0,90.0,,308,LHC,Male,Yes,Right
74,2022-11-01 14:41:28.697,,,,,,,,,,,,,,,,,,,,,,,,,,,,,,,,,,,,,,/muse/elements/jaw_clench,308,LHC,Male,Yes,Right
75,2022-11-01 14:41:28.900,0.5458158927028957,0.5570683109776149,1.002184783550153,0.8375387089066395,0.0776506037218832,0.5809493472053795,1.33555503682864,0.2410458605961521,0.3625611490077628,0.5334847665578658,1.016726933074084,0.5070063659911613,0.7063339571034838,0.4002658723621503,0.7900429098500577,0.6302411516895505,0.830559778842631,0.4363950849998072,0.3297933880274858,0.2906785970273953,784.9084249084249,788.5347985347986,1070.18315018315,786.9230769230769,652.3443223443223,0.289185,0.126282,0.967957,4.28421,-5.218811,-0.014954,1.0,1.0,1.0,2.0,1.0,90.0,,308,LHC,Male,Yes,Right
76,2022-11-01 14:41:29.326,,,,,,,,,,,,,,,,,,,,,,,,,,,,,,,,,,,,,,/muse/elements/jaw_clench,308,LHC,Male,Yes,Right
77,2022-11-01 14:41:29.507,,,,,,,,,,,,,,,,,,,,,,,,,,,,,,,,,,,,,,/muse/elements/jaw_clench,308,LHC,Male,Yes,Right
78,2022-11-01 14:41:29.901,0.5458158927028957,0.5192977554577506,1.002184783550153,0.8375387089066395,0.0776506037218832,0.5757676875406592,1.33555503682864,0.2410458605961521,0.3625611490077628,0.926367828289434,1.016726933074084,0.5070063659911613,0.7063339571034838,0.3950843859690181,0.7900429098500577,0.6302411516895505,0.830559778842631,0.4833331163514222,0.3297933880274858,0.2906785970273953,792.1611721611722,815.1282051282052,933.1868131868132,769.1941391941392,816.7399267399268,0.32074,0.129272,0.954407,2.078552,-5.428162,-1.958923,1.0,2.0,1.0,2.0,2.0,90.0,,308,LHC,Male,Yes,Right
79,2022-11-01 14:41:29.909,,,,,,,,,,,,,,,,,,,,,,,,,,,,,,,,,,,,,,/muse/elements/jaw_clench,308,LHC,Male,Yes,Right
80,2022-11-01 14:41:30.425,,,,,,,,,,,,,,,,,,,,,,,,,,,,,,,,,,,,,,/muse/elements/jaw_clench,308,LHC,Male,Yes,Right
81,2022-11-01 14:41:30.808,,,,,,,,,,,,,,,,,,,,,,,,,,,,,,,,,,,,,,/muse/elements/jaw_clench,308,LHC,Male,Yes,Right
82,2022-11-01 14:41:30.912,0.5458158927028957,0.5192977554577506,1.002184783550153,0.8375387089066395,0.0776506037218832,0.5757676875406592,1.33555503682864,0.2410458605961521,0.3625611490077628,0.926367828289434,1.016726933074084,0.5070063659911613,0.7063339571034838,0.3950843859690181,0.7900429098500577,0.6302411516895505,0.830559778842631,0.4833331163514222,0.3297933880274858,0.2906785970273953,850.989010989011,793.3699633699634,1020.622710622711,826.4102564102565,770.4029304029305,0.309143,0.133362,0.961914,2.781372,-4.620667,0.396271,1.0,2.0,1.0,2.0,2.0,90.0,,308,LHC,Male,Yes,Right
83,2022-11-01 14:41:31.143,,,,,,,,,,,,,,,,,,,,,,,,,,,,,,,,,,,,,,/muse/elements/jaw_clench,308,LHC,Male,Yes,Right
84,2022-11-01 14:41:31.414,,,,,,,,,,,,,,,,,,,,,,,,,,,,,,,,,,,,,,/muse/elements/jaw_clench,308,LHC,Male,Yes,Right
85,2022-11-01 14:41:31.901,0.5458158927028957,0.4465440695208239,1.002184783550153,0.8375387089066395,0.0776506037218832,0.2272607476515716,1.33555503682864,0.2410458605961521,0.3625611490077628,0.365163920949399,1.016726933074084,0.5070063659911613,0.7063339571034838,0.4390143760431325,0.7900429098500577,0.6302411516895505,0.830559778842631,0.6200334142154912,0.3297933880274858,0.2906785970273953,848.1684981684982,834.0659340659341,892.4908424908425,746.6300366300367,726.4835164835165,0.299927,0.08374,0.968384,-7.551575,-4.052429,-0.897217,1.0,2.0,1.0,2.0,2.0,90.0,,308,LHC,Male,Yes,Right
