,TimeStamp,Delta_TP9,Delta_AF7,Delta_AF8,Delta_TP10,Theta_TP9,Theta_AF7,Theta_AF8,Theta_TP10,Alpha_TP9,Alpha_AF7,Alpha_AF8,Alpha_TP10,Beta_TP9,Beta_AF7,Beta_AF8,Beta_TP10,Gamma_TP9,Gamma_AF7,Gamma_AF8,Gamma_TP10,RAW_TP9,RAW_AF7,RAW_AF8,RAW_TP10,AUX_RIGHT,Accelerometer_X,Accelerometer_Y,Accelerometer_Z,Gyro_X,Gyro_Y,Gyro_Z,HeadBandOn,HSI_TP9,HSI_AF7,HSI_AF8,HSI_TP10,Battery,Elements,Participant,Test,Gender,English,Dominance
0,2022-11-01 19:11:23.755,,,,,,,,,,,,,,,,,,,,,,,,,,,,,,,,,,,,,,/muse/event/connected Muse-9E89,314,LHS,Female,No,Right
1,2022-11-01 19:11:23.780,0.4578003,0.0,0.0,0.9693512,0.45028841,0.0,0.0,1.2413709,0.9123748,0.0,0.0,0.6856207,1.0530878,0.0,0.0,1.1970785,1.2370495,0.0,0.0,1.0790421,876.3736,834.87177,902.5641,844.94507,801.02563,0.2120361328125,-0.05706787109375,0.98223876953125,5.929107666015625,-2.07855224609375,6.878662109375,1.0,2.0,1.0,2.0,2.0,75.0,,314,LHS,Female,No,Right
2,2022-11-01 19:11:24.647,,,,,,,,,,,,,,,,,,,,,,,,,,,,,,,,,,,,,,/muse/elements/blink,314,LHS,Female,No,Right
3,2022-11-01 19:11:24.786,0.4578003,0.0,0.0,0.9693512,0.45028841,0.0,0.0,1.2413709,0.9123748,0.0,0.0,0.6856207,1.0530878,0.0,0.0,1.1970785,1.2370495,0.0,0.0,1.0790421,825.2015,886.4469,984.7619,811.50183,626.1539,0.288818359375,-0.03375244140625,0.97955322265625,2.392578125,-6.69921875,0.725250244140625,1.0,2.0,1.0,2.0,2.0,75.0,,314,LHS,Female,No,Right
4,2022-11-01 19:11:25.511,,,,,,,,,,,,,,,,,,,,,,,,,,,,,,,,,,,,,,/muse/elements/blink,314,LHS,Female,No,Right
5,2022-11-01 19:11:25.793,0.4578003,0.0,0.0,0.9693512,0.45028841,0.0,0.0,1.2413709,0.9123748,0.0,0.0,0.6856207,1.0530878,0.0,0.0,1.1970785,1.2370495,0.0,0.0,1.0790421,770.0,850.18317,928.7546,795.78754,683.7729,0.24713134765625,-0.015625,0.98779296875,12.987213134765623,-3.162689208984375,18.340606689453125,1.0,2.0,1.0,2.0,2.0,75.0,,314,LHS,Female,No,Right
6,2022-11-01 19:11:26.778,,,,,,,,,,,,,,,,,,,,,,,,,,,,,,,,,,,,,,/muse/elements/blink,314,LHS,Female,No,Right
7,2022-11-01 19:11:26.797,0.4578003,0.0,0.0,0.9693512,0.45028841,0.0,0.0,1.2413709,0.9123748,0.0,0.0,0.6856207,1.0530878,0.0,0.0,1.1970785,1.2370495,0.0,0.0,1.0790421,902.5641,1087.9121,744.61536,867.9121,867.9121,0.16900634765625,0.02471923828125,0.99273681640625,-6.811370849609375,1.375732421875,-1.57012939453125,1.0,2.0,1.0,2.0,2.0,75.0,,314,LHS,Female,No,Right
8,2022-11-01 19:11:27.807,0.4578003,0.0,0.0,0.9693512,0.45028841,0.0,0.0,1.2413709,0.9123748,0.0,0.0,0.6856207,1.0530878,0.0,0.0,1.1970785,1.2370495,0.0,0.0,1.0790421,794.57874,658.3883,781.685,804.65204,746.2271,0.25140380859375,0.0130615234375,0.99774169921875,3.12530517578125,-5.854339599609375,-0.216827392578125,1.0,2.0,1.0,2.0,2.0,75.0,,314,LHS,Female,No,Right
9,2022-11-01 19:11:28.809,0.93838906,0.0,0.0,0.9693512,0.6247841,0.0,0.0,1.2413709,0.75099057,0.0,0.0,0.6856207,1.3896213,0.0,0.0,1.1970785,1.1659335,0.0,0.0,1.0790421,792.96704,824.7985,931.1722,784.5055,640.65936,0.237548828125,0.005126953125,0.99755859375,1.996307373046875,-4.47113037109375,-0.171966552734375,1.0,1.0,1.0,2.0,1.0,75.0,,314,LHS,Female,No,Right
10,2022-11-01 19:11:29.861,0.64801866,0.0,0.0,0.6742534,0.42225465,0.0,0.0,0.06858918,1.1323155,0.0,0.0,0.34364915,1.2815635,0.0,0.0,0.89314973,1.1995552,0.0,0.0,0.71939725,871.13556,795.78754,769.19415,883.22345,980.7326,0.24664306640625,-0.0015869140625,0.9903564453125,3.028106689453125,-4.8748779296875,-0.934600830078125,1.0,1.0,1.0,2.0,1.0,75.0,,314,LHS,Female,No,Right
11,2022-11-01 19:11:29.914,,,,,,,,,,,,,,,,,,,,,,,,,,,,,,,,,,,,,,/muse/elements/blink,314,LHS,Female,No,Right
12,2022-11-01 19:11:30.868,0.20731777,0.0,0.0,0.7992843,0.053472262,0.0,0.0,-0.08307475,1.0631616,0.0,0.0,0.28915042,1.1344252,0.0,0.0,0.81301963,1.374736,0.0,0.0,0.7239769,796.5934,740.58606,820.3663,766.3736,751.06226,0.23468017578125,-0.0035400390625,0.99322509765625,3.177642822265625,-4.17205810546875,-0.0897216796875,1.0,1.0,1.0,2.0,1.0,75.0,,314,LHS,Female,No,Right
13,2022-11-01 19:11:31.891,0.26120195,0.0,0.0,0.7992843,0.47859448,0.0,0.0,-0.08307475,0.68704534,0.0,0.0,0.28915042,1.2854922,0.0,0.0,0.81301963,0.9984449,0.0,0.0,0.7239769,809.0842,760.32965,697.47253,811.50183,663.6264,0.237060546875,-0.00079345703125,0.992431640625,3.551483154296875,-4.97955322265625,-0.35888671875,1.0,1.0,1.0,2.0,1.0,75.0,,314,LHS,Female,No,Right
14,2022-11-01 19:11:32.920,0.6456158,0.0,0.0,0.83856326,0.5457611,0.0,0.0,0.51662654,1.1906892,0.0,0.0,0.73316866,1.3842016,0.0,0.0,1.1300026,1.2856156,0.0,0.0,0.69646525,772.01465,798.60803,827.619,802.6374,716.4103,0.24017333984375,-0.000732421875,0.99346923828125,3.162689208984375,-5.21881103515625,-0.70281982421875,1.0,1.0,1.0,2.0,1.0,75.0,,314,LHS,Female,No,Right
15,2022-11-01 19:11:33.926,0.72967124,0.0,0.0,0.56850123,0.5190012,0.0,0.0,0.4605918,1.0338237,0.0,0.0,0.7304345,1.3505218,0.0,0.0,0.9277595,1.390711,0.0,0.0,0.8114777,763.1502,747.4359,811.9048,746.63007,693.0403,0.23974609375,0.00543212890625,0.9984130859375,3.910369873046875,-5.330963134765625,-0.201873779296875,1.0,1.0,1.0,2.0,1.0,75.0,,314,LHS,Female,No,Right
16,2022-11-01 19:11:34.927,,,,,,,,,,,,,,,,,,,,,,,,,,,,,,,,,,,,,,/muse/elements/blink,314,LHS,Female,No,Right
17,2022-11-01 19:11:34.959,1.0072076,0.0,0.0,0.39637932,0.51428336,0.0,0.0,0.2853348,1.1621381,0.0,0.0,0.6088573,1.5137817,0.0,0.0,0.783531,1.4590039,0.0,0.0,0.8886166,870.7326,767.5824,937.2161,853.8095,821.5751,0.229736328125,0.00567626953125,0.99066162109375,2.0635986328125,-5.323486328125,0.112152099609375,1.0,1.0,1.0,2.0,1.0,75.0,,314,LHS,Female,No,Right
18,2022-11-01 19:11:35.984,1.0072076,0.0,0.0,0.4627762,0.51428336,0.0,0.0,0.2948437,1.1621381,0.0,0.0,0.6088573,1.5137817,0.0,0.0,0.735122,1.4590039,0.0,0.0,0.8889646,779.67035,869.5238,1000.4762,786.9231,631.79486,0.2181396484375,0.0067138671875,0.9874267578125,2.669219970703125,-3.671112060546875,1.09161376953125,1.0,1.0,1.0,2.0,1.0,75.0,,314,LHS,Female,No,Right
19,2022-11-01 19:11:36.996,0.76095474,0.0,0.0,0.9038115,0.5857925,0.0,0.0,0.34711626,1.2882721,0.0,0.0,0.39703315,1.33439,0.0,0.0,0.97812897,1.2701962,0.0,0.0,0.6447118,768.7912,790.9524,874.35895,795.78754,779.67035,0.25390625,0.010986328125,0.99517822265625,3.372039794921875,-6.048736572265625,-1.069183349609375,1.0,1.0,1.0,2.0,1.0,75.0,,314,LHS,Female,No,Right
20,2022-11-01 19:11:38.009,0.62540394,0.0,0.0,0.9038115,0.5325149,0.0,0.0,0.34711626,1.2440989,0.0,0.0,0.39703315,1.3872378,0.0,0.0,0.97812897,1.2262151,0.0,0.0,0.6447118,803.44324,734.1392,755.09155,793.7729,752.27106,0.2435302734375,0.0042724609375,0.98895263671875,2.452392578125,-3.491668701171875,3.566436767578125,1.0,1.0,1.0,2.0,1.0,75.0,,314,LHS,Female,No,Right
21,2022-11-01 19:11:39.021,0.57061243,0.0,0.0,0.71393794,0.5874373,0.0,0.0,0.7752829,1.1783408,0.0,0.0,0.8861474,1.2751712,0.0,0.0,0.75563085,1.2119493,0.0,0.0,0.65590954,877.98535,763.1502,779.67035,853.8095,709.5604,0.25762939453125,-0.0225830078125,0.9937744140625,2.75146484375,-6.878662109375,1.42059326171875,1.0,1.0,1.0,2.0,1.0,75.0,,314,LHS,Female,No,Right
22,2022-11-01 19:11:39.165,,,,,,,,,,,,,,,,,,,,,,,,,,,,,,,,,,,,,,/muse/elements/blink,314,LHS,Female,No,Right
23,2022-11-01 19:11:40.040,0.5945281,0.0,0.0,0.6224837,0.7330362,0.0,0.0,0.5793238,1.0742756,0.0,0.0,0.8839532,1.072995,0.0,0.0,0.78405714,0.9887741,0.0,0.0,0.76753753,808.68134,810.696,852.6007,794.57874,656.77655,0.25042724609375,-0.02557373046875,0.983154296875,3.058013916015625,-6.220703125,0.485992431640625,1.0,1.0,1.0,2.0,1.0,75.0,,314,LHS,Female,No,Right
24,2022-11-01 19:11:41.076,0.4107731,0.0,0.0,0.64563304,0.32384697,0.0,0.0,0.66493803,0.73581016,0.0,0.0,0.6815155,1.2636023,0.0,0.0,0.8667611,1.2281264,0.0,0.0,0.91803503,794.17584,796.1905,867.9121,806.6667,772.4176,0.26434326171875,-0.01531982421875,0.99005126953125,4.65057373046875,-5.689849853515625,-0.3289794921875,1.0,1.0,1.0,2.0,1.0,75.0,,314,LHS,Female,No,Right
25,2022-11-01 19:11:42.092,0.4568808,0.0,0.0,0.4569133,0.34325805,0.0,0.0,0.39249146,0.8444589,0.0,0.0,0.7018195,1.2951658,0.0,0.0,0.830585,1.1091475,0.0,0.0,0.7940115,697.0696,757.9121,770.40295,686.5934,755.09155,0.26837158203125,-0.0267333984375,0.98773193359375,2.205657958984375,-4.478607177734375,-2.220611572265625,1.0,1.0,1.0,2.0,1.0,75.0,,314,LHS,Female,No,Right
26,2022-11-01 19:11:42.328,,,,,,,,,,,,,,,,,,,,,,,,,,,,,,,,,,,,,,/muse/elements/blink,314,LHS,Female,No,Right
27,2022-11-01 19:11:43.113,0.020211982,0.0,0.0,0.32534587,0.2151627,0.0,0.0,0.1480929,0.82821846,0.0,0.0,0.35882735,1.3418026,0.0,0.0,0.93352276,1.069689,0.0,0.0,0.679976,804.65204,840.10986,951.31866,774.83514,655.16486,0.2593994140625,-0.0164794921875,0.99566650390625,3.401947021484375,-4.942169189453125,-1.256103515625,1.0,1.0,1.0,2.0,1.0,75.0,,314,LHS,Female,No,Right
28,2022-11-01 19:11:44.129,0.58358425,0.0,0.0,0.32534587,0.47940648,0.0,0.0,0.1480929,0.78496665,0.0,0.0,0.35882735,1.4729455,0.0,0.0,0.93352276,1.0298238,0.0,0.0,0.679976,799.41394,830.84247,910.6227,794.17584,613.2601,0.2672119140625,-0.02386474609375,0.98492431640625,2.61688232421875,-3.45428466796875,-1.562652587890625,1.0,1.0,1.0,2.0,1.0,75.0,,314,LHS,Female,No,Right
29,2022-11-01 19:11:45.146,0.53938544,0.0,0.0,0.32534587,0.33796337,0.0,0.0,0.1480929,0.8644048,0.0,0.0,0.35882735,1.3815962,0.0,0.0,0.93352276,1.1943237,0.0,0.0,0.679976,788.1319,762.3443,761.9414,794.17584,816.337,0.2431640625,-0.02545166015625,0.990234375,2.235565185546875,-5.375823974609375,0.261688232421875,1.0,1.0,1.0,2.0,1.0,75.0,,314,LHS,Female,No,Right
30,2022-11-01 19:11:45.858,,,,,,,,,,,,,,,,,,,,,,,,,,,,,,,,,,,,,,/muse/elements/blink,314,LHS,Female,No,Right
31,2022-11-01 19:11:46.158,0.53331584,0.0,0.0,0.67337716,0.28071117,0.0,0.0,0.7479396,0.70225465,0.0,0.0,0.854759,1.1777129,0.0,0.0,0.8111003,1.2909256,0.0,0.0,0.77521336,802.23444,731.31866,870.7326,782.0879,717.2161,0.27056884765625,-0.02557373046875,0.98504638671875,3.0206298828125,-4.246826171875,-0.897216796875,1.0,1.0,1.0,2.0,1.0,75.0,,314,LHS,Female,No,Right
32,2022-11-01 19:11:47.184,0.53331584,0.0,0.0,0.7205163,0.28071117,0.0,0.0,0.861385,0.70225465,0.0,0.0,0.8534098,1.1777129,0.0,0.0,0.82248205,1.2909256,0.0,0.0,0.7708338,826.8132,847.76556,956.1539,842.52747,631.79486,0.26068115234375,-0.0416259765625,0.9822998046875,1.79443359375,-6.23565673828125,-2.295379638671875,1.0,1.0,1.0,2.0,1.0,75.0,,314,LHS,Female,No,Right
33,2022-11-01 19:11:48.177,,,,,,,,,,,,,,,,,,,,,,,,,,,,,,,,,,,,,,/muse/elements/blink,314,LHS,Female,No,Right
34,2022-11-01 19:11:48.199,0.53331584,0.0,0.0,0.7205163,0.28071117,0.0,0.0,0.861385,0.70225465,0.0,0.0,0.8534098,1.1777129,0.0,0.0,0.82248205,1.2909256,0.0,0.0,0.7708338,910.2198,936.0073,695.8608,907.8022,951.31866,0.2628173828125,-0.05670166015625,0.9840087890625,4.08233642578125,-4.029998779296875,0.58319091796875,1.0,1.0,2.0,2.0,1.0,75.0,,314,LHS,Female,No,Right
35,2022-11-01 19:11:49.239,0.53331584,0.0,0.0,0.7205163,0.28071117,0.0,0.0,0.861385,0.70225465,0.0,0.0,0.8534098,1.1777129,0.0,0.0,0.82248205,1.2909256,0.0,0.0,0.7708338,792.5641,868.315,903.7729,813.5165,747.03296,0.27081298828125,-0.04248046875,0.98651123046875,2.55706787109375,-4.42626953125,-0.299072265625,1.0,2.0,1.0,2.0,2.0,75.0,,314,LHS,Female,No,Right
36,2022-11-01 19:11:50.243,0.8726537,0.0,0.0,0.7205163,0.42178118,0.0,0.0,0.861385,1.0833356,0.0,0.0,0.8534098,1.4926589,0.0,0.0,0.82248205,1.5113286,0.0,0.0,0.7708338,803.0403,858.24176,985.56775,797.3993,651.13556,0.26910400390625,-0.027587890625,0.98980712890625,3.177642822265625,-5.2935791015625,-0.336456298828125,1.0,1.0,1.0,2.0,1.0,75.0,,314,LHS,Female,No,Right
