,TimeStamp,Delta_TP9,Delta_AF7,Delta_AF8,Delta_TP10,Theta_TP9,Theta_AF7,Theta_AF8,Theta_TP10,Alpha_TP9,Alpha_AF7,Alpha_AF8,Alpha_TP10,Beta_TP9,Beta_AF7,Beta_AF8,Beta_TP10,Gamma_TP9,Gamma_AF7,Gamma_AF8,Gamma_TP10,RAW_TP9,RAW_AF7,RAW_AF8,RAW_TP10,AUX_RIGHT,Accelerometer_X,Accelerometer_Y,Accelerometer_Z,Gyro_X,Gyro_Y,Gyro_Z,HeadBandOn,HSI_TP9,HSI_AF7,HSI_AF8,HSI_TP10,Battery,Elements,Participant,Test,Gender,English,Dominance
0,2022-11-01 14:26:14.408,,,,,,,,,,,,,,,,,,,,,,,,,,,,,,,,,,,,,,/muse/event/connected Muse-9E89,306,LHS,Male,Yes,Left
1,2022-11-01 14:26:15.409,1.082538626084492,0.6091408378827513,0.0,1.042054358966962,1.003199995966748,0.6182511035378385,0.0,0.6028419623489045,1.085803242061722,0.3951766854827006,0.0,0.5387650443239269,0.7108688212898692,0.7559696969968194,0.0,1.155279391328862,0.5458349334008276,0.4783699853011634,0.0,0.9928550295501526,790.952380952381,821.1721611721612,770.8058608058608,823.1868131868132,794.5787545787546,0.09259,-0.138306,0.994385,2.243042,-4.089813,2.489777,1.0,2.0,1.0,1.0,2.0,100.0,,306,LHS,Male,Yes,Left
2,2022-11-01 14:26:16.409,1.082538626084492,0.6091408378827513,0.0,1.042054358966962,1.003199995966748,0.6182511035378385,0.0,0.6028419623489045,1.085803242061722,0.3951766854827006,0.0,0.5387650443239269,0.7108688212898692,0.7559696969968194,0.0,1.155279391328862,0.5458349334008276,0.4783699853011634,0.0,0.9928550295501526,782.4908424908425,802.2344322344322,854.6153846153846,815.934065934066,809.0842490842491,0.141296,0.112,1.017883,6.833801,-1.674805,2.534637,1.0,2.0,1.0,1.0,2.0,100.0,,306,LHS,Male,Yes,Left
3,2022-11-01 14:26:17.413,1.082538626084492,0.0164186179221644,0.0,1.042054358966962,1.003199995966748,0.0194297342274512,0.0,0.6028419623489045,1.085803242061722,0.392319986028393,0.0,0.5387650443239269,0.7108688212898692,0.8177070094255381,0.0,1.155279391328862,0.5458349334008276,0.3345174838555622,0.0,0.9928550295501526,725.6776556776557,806.2637362637363,869.5238095238095,782.0879120879121,691.4285714285714,0.138611,0.10321,1.000549,8.3815,-11.035767,7.162781,1.0,2.0,1.0,1.0,2.0,100.0,,306,LHS,Male,Yes,Left
4,2022-11-01 14:26:18.344,,,,,,,,,,,,,,,,,,,,,,,,,,,,,,,,,,,,,,/muse/elements/jaw_clench,306,LHS,Male,Yes,Left
5,2022-11-01 14:26:18.409,1.082538626084492,-0.1317752422473354,0.0,0.4241816081571513,1.003199995966748,-0.2079694904665579,0.0,0.3876575946744661,1.085803242061722,0.4802502145715399,0.0,0.4943773665430329,0.7108688212898692,0.8622563200374778,0.0,0.8255500576686107,0.5458349334008276,0.3475972700422078,0.0,0.4436307575158053,774.0293040293041,800.2197802197802,876.7765567765568,790.1465201465202,752.6739926739926,0.111145,0.088684,0.989197,2.280426,-5.353394,-2.205658,1.0,1.0,1.0,1.0,1.0,100.0,,306,LHS,Male,Yes,Left
6,2022-11-01 14:26:18.620,,,,,,,,,,,,,,,,,,,,,,,,,,,,,,,,,,,,,,/muse/elements/jaw_clench,306,LHS,Male,Yes,Left
7,2022-11-01 14:26:18.850,,,,,,,,,,,,,,,,,,,,,,,,,,,,,,,,,,,,,,/muse/elements/jaw_clench,306,LHS,Male,Yes,Left
8,2022-11-01 14:26:19.409,1.082538626084492,0.0678632671514282,0.0,0.8102919100625071,1.003199995966748,-0.2844864575878548,0.0,0.3150008081917306,1.085803242061722,0.5377619290976283,0.0,0.619721025850851,0.7108688212898692,0.937857012171522,0.0,0.804145792616625,0.5458349334008276,0.4657507673903201,0.0,0.4454740184722885,790.1465201465202,790.1465201465202,830.4395604395604,803.4432234432235,732.9304029304029,0.116272,0.104126,0.990967,1.809387,-5.226288,-3.618774,1.0,1.0,1.0,1.0,1.0,100.0,,306,LHS,Male,Yes,Left
9,2022-11-01 14:26:19.557,,,,,,,,,,,,,,,,,,,,,,,,,,,,,,,,,,,,,,/muse/elements/jaw_clench,306,LHS,Male,Yes,Left
10,2022-11-01 14:26:20.168,,,,,,,,,,,,,,,,,,,,,,,,,,,,,,,,,,,,,,/muse/elements/jaw_clench,306,LHS,Male,Yes,Left
11,2022-11-01 14:26:20.409,1.082538626084492,0.0537612236044192,0.0,0.7790109452992169,1.003199995966748,-0.125006047081077,0.0,0.3885584580522846,1.085803242061722,0.5165870320294266,0.0,0.8364239342075996,0.7108688212898692,0.8601085435837837,0.0,0.922479188570692,0.5458349334008276,0.4393700301183999,0.0,0.3487168451673571,734.1391941391942,829.6336996336996,969.047619047619,787.7289377289378,645.0915750915751,0.15448,0.120117,0.993469,2.878571,-5.630035,2.975769,1.0,1.0,1.0,1.0,1.0,100.0,,306,LHS,Male,Yes,Left
12,2022-11-01 14:26:21.072,,,,,,,,,,,,,,,,,,,,,,,,,,,,,,,,,,,,,,/muse/elements/jaw_clench,306,LHS,Male,Yes,Left
13,2022-11-01 14:26:21.408,1.082538626084492,-0.0277744347430049,0.0,0.3231791610822287,1.003199995966748,-0.0761399070005343,0.0,0.2711316694122106,1.085803242061722,0.4679947927722476,0.0,0.7723863678787743,0.7108688212898692,0.8178100036053404,0.0,0.8926137968477704,0.5458349334008276,0.2667888425226191,0.0,0.3398582945714677,722.4542124542124,805.8608058608058,504.8717948717949,798.2051282051282,865.8974358974359,0.163086,0.130615,0.97998,5.816956,-5.218811,0.044861,1.0,1.0,1.0,1.0,1.0,100.0,,306,LHS,Male,Yes,Left
14,2022-11-01 14:26:22.416,1.082538626084492,-0.0570288032492872,0.0,0.8211247776839024,1.003199995966748,-0.0863427335939904,0.0,0.423210959951016,1.085803242061722,0.3625796989142783,0.0,0.570804310955429,0.7108688212898692,0.8095958647564864,0.0,0.8030877466164766,0.5458349334008276,0.3243267877060751,0.0,0.2810447430182323,785.3113553113553,784.5054945054945,386.8131868131868,824.3956043956044,1035.128205128205,0.12085,0.157043,0.980164,3.798218,-5.031891,1.024323,1.0,1.0,1.0,1.0,1.0,95.0,,306,LHS,Male,Yes,Left
15,2022-11-01 14:26:23.218,,,,,,,,,,,,,,,,,,,,,,,,,,,,,,,,,,,,,,/muse/elements/jaw_clench,306,LHS,Male,Yes,Left
16,2022-11-01 14:26:23.420,1.067642944277359,0.1538318874752928,0.0,0.7384903161418176,0.3758048705661746,-0.0511469157621681,0.0,0.4190183470968402,0.6166860246835799,0.2745871586387194,0.0,0.6703708583357257,0.696950642329302,0.8443203017884978,0.0,0.7812338400800422,0.1242121739723167,0.4093051612279816,0.0,0.4123857935650491,779.2673992673992,830.8424908424909,553.6263736263736,784.1025641025641,677.7289377289377,0.148743,0.169128,0.98053,4.732819,-8.725433,-2.915955,1.0,1.0,1.0,1.0,1.0,95.0,,306,LHS,Male,Yes,Left
17,2022-11-01 14:26:24.409,1.116260573358606,0.0705558261457537,0.0,0.5234804673436184,0.3754735314784849,-0.0049218772391282,0.0,0.3203181495664394,0.6806848483546859,0.4355767548717416,0.0,0.6930141861226572,0.7744452605447666,0.8968733053292552,0.0,0.6867832217702281,0.2884930728400991,0.4888866404069749,0.0,0.4670753416539624,752.6739926739926,803.4432234432235,431.9413919413919,792.967032967033,808.2783882783883,0.178467,0.165161,0.986389,5.764618,-5.158997,-1.271057,1.0,1.0,1.0,1.0,1.0,95.0,,306,LHS,Male,Yes,Left
18,2022-11-01 14:26:25.404,,,,,,,,,,,,,,,,,,,,,,,,,,,,,,,,,,,,,,/muse/elements/jaw_clench,306,LHS,Male,Yes,Left
19,2022-11-01 14:26:25.409,1.130408348371401,0.3245292129559808,0.0,0.7261811590608316,0.6302462302528322,-0.0833411011010968,0.0,0.3689394994284588,0.7925117670541397,0.4926103106897741,0.0,0.7764401939200298,0.9079775715717586,0.903744115848846,0.0,0.7362569825115043,0.4309214761893507,0.2758403093902161,0.0,0.2734281348196875,765.9706959706959,784.5054945054945,354.981684981685,804.2490842490843,994.029304029304,0.169373,0.177673,0.980042,6.273041,-7.828217,0.665436,1.0,1.0,1.0,1.0,1.0,95.0,,306,LHS,Male,Yes,Left
20,2022-11-01 14:26:26.409,1.144792544704715,0.045304742920383,0.0,0.4445588610573589,0.4864362362485346,-0.0731081979161064,0.0,0.3719200548175001,0.6329209837121824,0.5194003245086651,0.0,0.7789262734360674,0.903554392862452,0.8274814200871852,0.0,0.6935358769470635,0.4977328880326035,0.2173899714108647,0.0,0.1175975283108788,770.4029304029305,822.3809523809524,530.2564102564103,787.3260073260074,805.8608058608058,0.225769,0.196045,0.977783,6.74408,-7.693634,0.695343,1.0,1.0,1.0,1.0,1.0,95.0,,306,LHS,Male,Yes,Left
21,2022-11-01 14:26:27.409,0.959945989525664,-0.1780570259662592,0.0,0.0321371209229169,0.5094342463306949,0.135571808325735,0.0,-0.0290008328641334,0.6681180011711437,0.4216851086359131,0.0,0.472667331079414,0.7949488077525106,0.8899083779233958,0.0,0.8256460730928199,0.5791803937202141,0.2308051783743502,0.0,0.2230587093871753,760.7326007326008,808.2783882783883,456.1172161172161,792.1611721611722,782.0879120879121,0.232178,0.182068,0.980835,5.383301,-7.611389,-1.271057,1.0,1.0,1.0,1.0,1.0,95.0,,306,LHS,Male,Yes,Left
22,2022-11-01 14:26:28.416,0.654494525202354,-0.0660566526964483,0.0,0.523086617450434,0.1189767015562172,0.0029747620474743,0.0,0.1328777119577163,0.4274871718249934,0.3180149066836151,0.0,0.5667821994876904,0.7950698413780807,0.8064954849269065,0.0,0.7366950444980377,0.2729464128692486,0.4697236289839191,0.0,0.2636709635851991,764.3589743589744,785.7142857142858,322.7472527472527,806.6666666666667,873.956043956044,0.236755,0.190002,0.987427,5.831909,-9.099274,-1.861725,1.0,1.0,1.0,1.0,1.0,95.0,,306,LHS,Male,Yes,Left
23,2022-11-01 14:26:28.450,,,,,,,,,,,,,,,,,,,,,,,,,,,,,,,,,,,,,,/muse/elements/jaw_clench,306,LHS,Male,Yes,Left
24,2022-11-01 14:26:28.698,,,,,,,,,,,,,,,,,,,,,,,,,,,,,,,,,,,,,,/muse/elements/jaw_clench,306,LHS,Male,Yes,Left
25,2022-11-01 14:26:29.397,,,,,,,,,,,,,,,,,,,,,,,,,,,,,,,,,,,,,,/muse/elements/jaw_clench,306,LHS,Male,Yes,Left
26,2022-11-01 14:26:29.409,0.69398156603587,0.0199433223926174,0.0,0.68780529079685,0.2004668539932971,-0.0857809686341085,0.0,0.1617330785968588,0.7096107228042536,0.4363747412312107,0.0,0.553195011680838,0.6637372390609199,0.8639132399188434,0.0,0.7540830802095071,0.1987534467503061,0.497183617849015,0.0,0.4351258279304773,747.4358974358975,818.7545787545788,558.0586080586081,776.0439560439561,743.4065934065934,0.19812,0.166931,0.979248,6.280518,-7.237549,-2.654266,1.0,1.0,1.0,1.0,1.0,95.0,,306,LHS,Male,Yes,Left
27,2022-11-01 14:26:29.691,,,,,,,,,,,,,,,,,,,,,,,,,,,,,,,,,,,,,,/muse/elements/jaw_clench,306,LHS,Male,Yes,Left
28,2022-11-01 14:26:30.192,,,,,,,,,,,,,,,,,,,,,,,,,,,,,,,,,,,,,,/muse/elements/jaw_clench,306,LHS,Male,Yes,Left
29,2022-11-01 14:26:30.409,1.23516453863087,0.017312305427481,0.0,0.4805520654677629,0.8098482678382997,0.0414449367100892,0.0,0.5242060785120594,1.062261453949861,0.5405428778748923,0.0,1.06211225872389,0.8833885107157329,1.000059942279586,0.0,0.9983045758592836,0.5655025206621505,0.5988954844587615,0.0,0.7869270877841137,770.8058608058608,811.5018315018315,444.8351648351648,782.893772893773,842.5274725274726,0.101379,0.073059,0.988037,1.525269,-5.286102,-1.786957,1.0,1.0,1.0,1.0,1.0,95.0,,306,LHS,Male,Yes,Left
30,2022-11-01 14:26:30.526,,,,,,,,,,,,,,,,,,,,,,,,,,,,,,,,,,,,,,/muse/elements/jaw_clench,306,LHS,Male,Yes,Left
31,2022-11-01 14:26:30.908,,,,,,,,,,,,,,,,,,,,,,,,,,,,,,,,,,,,,,/muse/elements/jaw_clench,306,LHS,Male,Yes,Left
32,2022-11-01 14:26:31.136,,,,,,,,,,,,,,,,,,,,,,,,,,,,,,,,,,,,,,/muse/elements/jaw_clench,306,LHS,Male,Yes,Left
33,2022-11-01 14:26:31.405,,,,,,,,,,,,,,,,,,,,,,,,,,,,,,,,,,,,,,/muse/elements/jaw_clench,306,LHS,Male,Yes,Left
34,2022-11-01 14:26:31.419,1.12007584201033,0.092966287608801,0.0,0.618501991302823,0.3723261610191381,-0.0075034345609371,0.0,0.5535312084338356,0.8219805788227118,0.5558206601806588,0.0,1.025104709637751,0.902047012427174,0.9303308490023506,0.0,0.8889022963644203,0.7556990406773859,0.5869849997871026,0.0,0.668361927826175,779.6703296703297,789.3406593406594,363.8461538461539,788.9377289377289,913.4432234432236,0.126526,0.113464,0.996582,5.211334,-7.192688,1.457977,1.0,1.0,1.0,1.0,1.0,95.0,,306,LHS,Male,Yes,Left
35,2022-11-01 14:26:32.414,1.128875685597904,0.0195307876326071,0.0,0.4090747616192848,0.3573001688556042,0.0602434214254684,0.0,0.2458876837666341,0.7477651838556689,0.6545860660163215,0.0,0.737129215738632,0.8665425418933846,0.8050901798486644,0.0,0.8147952033687964,0.693494471344574,0.3614739640318344,0.0,0.3846082312846029,791.3553113553114,822.7838827838829,526.2271062271062,773.2234432234433,573.3699633699634,0.129578,0.111877,0.988342,3.491669,-6.931,-2.138367,1.0,1.0,1.0,1.0,1.0,95.0,,306,LHS,Male,Yes,Left
36,2022-11-01 14:26:32.560,,,,,,,,,,,,,,,,,,,,,,,,,,,,,,,,,,,,,,/muse/elements/jaw_clench,306,LHS,Male,Yes,Left
37,2022-11-01 14:26:33.147,,,,,,,,,,,,,,,,,,,,,,,,,,,,,,,,,,,,,,/muse/elements/jaw_clench,306,LHS,Male,Yes,Left
38,2022-11-01 14:26:33.408,0.7923089754833418,0.1954698317309384,0.0,0.3886226307600717,0.3409811725804891,-0.0347317670087086,0.0,0.2139070428273553,0.7197941316901701,0.6585348735128707,0.0,0.543538685950078,0.821593223154551,0.817341264960961,0.0,0.6825818010191933,0.4082496883307044,0.3110806795624786,0.0,0.3755910688935712,794.1758241758242,814.7252747252747,493.992673992674,788.1318681318681,860.6593406593407,0.136475,0.112122,0.983276,2.818756,-5.278625,0.328979,1.0,1.0,1.0,1.0,1.0,95.0,,306,LHS,Male,Yes,Left
39,2022-11-01 14:26:34.374,,,,,,,,,,,,,,,,,,,,,,,,,,,,,,,,,,,,,,/muse/elements/jaw_clench,306,LHS,Male,Yes,Left
40,2022-11-01 14:26:34.409,0.9430212780482202,0.0849225727708904,0.0,0.5945773529574224,0.3084996306952202,-0.2241036397724111,0.0,0.3768439029450072,0.8321193163128466,0.5211017484679757,0.0,0.4671308702340292,0.868461701502337,0.8610975627327307,0.0,0.7745029716782732,0.3856005683302312,0.2448766500504229,0.0,0.2651864490871066,851.7948717948718,817.1428571428571,721.2454212454213,850.5860805860806,790.5494505494506,0.144836,0.13446,0.990662,5.188904,-7.230072,0.91217,1.0,1.0,1.0,1.0,1.0,95.0,,306,LHS,Male,Yes,Left
41,2022-11-01 14:26:34.779,,,,,,,,,,,,,,,,,,,,,,,,,,,,,,,,,,,,,,/muse/elements/jaw_clench,306,LHS,Male,Yes,Left
42,2022-11-01 14:26:34.980,,,,,,,,,,,,,,,,,,,,,,,,,,,,,,,,,,,,,,/muse/elements/jaw_clench,306,LHS,Male,Yes,Left
43,2022-11-01 14:26:35.400,,,,,,,,,,,,,,,,,,,,,,,,,,,,,,,,,,,,,,/muse/elements/jaw_clench,306,LHS,Male,Yes,Left
44,2022-11-01 14:26:35.421,0.9959960919933268,0.035008312184784,0.0,0.3742035019355374,0.0161748370154762,-0.2282352846450609,0.0,0.1815114207827747,0.7494327530129611,0.5098275342211598,0.0,0.4573611781248057,0.9650287060243662,0.7663289830805038,0.0,0.8876812144257091,0.4733940058758857,0.2245446385520777,0.0,0.3911090179753367,786.1172161172161,838.4981684981685,595.5311355311355,770.0,773.6263736263736,0.176025,0.155701,0.983093,5.323486,-6.153412,2.190704,1.0,1.0,1.0,1.0,1.0,95.0,,306,LHS,Male,Yes,Left
45,2022-11-01 14:26:36.004,,,,,,,,,,,,,,,,,,,,,,,,,,,,,,,,,,,,,,/muse/elements/jaw_clench,306,LHS,Male,Yes,Left
46,2022-11-01 14:26:36.387,,,,,,,,,,,,,,,,,,,,,,,,,,,,,,,,,,,,,,/muse/elements/jaw_clench,306,LHS,Male,Yes,Left
47,2022-11-01 14:26:36.409,0.9959960919933268,0.2177435572562089,0.0,0.4949727168628634,0.0161748370154762,0.0531469017684372,0.0,0.1306052088717038,0.7494327530129611,0.3991223835503973,0.0,0.4566204919706333,0.9650287060243662,0.8531328525652536,0.0,0.8501680654619058,0.4733940058758857,0.3776176981306666,0.0,0.2548991637769023,892.893772893773,874.3589743589744,596.3369963369963,855.0183150183151,936.4102564102564,0.09436,0.026917,0.969788,-45.630951,5.839386,90.102997,1.0,1.0,1.0,1.0,1.0,95.0,,306,LHS,Male,Yes,Left
48,2022-11-01 14:26:36.520,,,,,,,,,,,,,,,,,,,,,,,,,,,,,,,,,,,,,,/muse/elements/blink,306,LHS,Male,Yes,Left
49,2022-11-01 14:26:37.322,,,,,,,,,,,,,,,,,,,,,,,,,,,,,,,,,,,,,,/muse/elements/blink,306,LHS,Male,Yes,Left
50,2022-11-01 14:26:37.409,0.9959960919933268,0.2940687991168497,0.0,0.5098429227935052,0.0161748370154762,0.2665003701478756,0.0,0.1007503562676623,0.7494327530129611,0.3983021880839278,0.0,0.2892454730700408,0.9650287060243662,0.9034015974493056,0.0,0.8408391216476712,0.4733940058758857,0.4711896492012967,0.0,0.2850211781426001,855.4212454212454,843.7362637362637,559.2673992673992,817.948717948718,746.2271062271062,0.047119,-0.150391,0.992798,1.786957,-2.018738,-0.35141,1.0,1.0,1.0,1.0,1.0,95.0,,306,LHS,Male,Yes,Left
