,TimeStamp,Delta_TP9,Delta_AF7,Delta_AF8,Delta_TP10,Theta_TP9,Theta_AF7,Theta_AF8,Theta_TP10,Alpha_TP9,Alpha_AF7,Alpha_AF8,Alpha_TP10,Beta_TP9,Beta_AF7,Beta_AF8,Beta_TP10,Gamma_TP9,Gamma_AF7,Gamma_AF8,Gamma_TP10,RAW_TP9,RAW_AF7,RAW_AF8,RAW_TP10,AUX_RIGHT,Accelerometer_X,Accelerometer_Y,Accelerometer_Z,Gyro_X,Gyro_Y,Gyro_Z,HeadBandOn,HSI_TP9,HSI_AF7,HSI_AF8,HSI_TP10,Battery,Elements,Participant,Test,Gender,English,Dominance
0,2022-11-01 14:32:50.907,,,,,,,,,,,,,,,,,,,,,,,,,,,,,,,,,,,,,,/muse/event/connected Muse-9E89,307,LHS,Female,Yes,Left
1,2022-11-01 14:32:51.650,,,,,,,,,,,,,,,,,,,,,,,,,,,,,,,,,,,,,,/muse/elements/blink,307,LHS,Female,Yes,Left
2,2022-11-01 14:32:51.908,0.0,0.0,0.0,0.6361690711835382,0.0,0.0,0.0,0.0766393960820376,0.0,0.0,0.0,0.1575614878204611,0.0,0.0,0.0,0.6509896540531869,0.0,0.0,0.0,0.257570882212757,1621.391941391941,1347.399267399268,749.4505494505495,970.6593406593408,907.3992673992674,0.114868,0.141479,1.017761,4.605713,-7.753448,-4.276733,1.0,4.0,4.0,2.0,2.0,90.0,,307,LHS,Female,Yes,Left
3,2022-11-01 14:32:51.918,,,,,,,,,,,,,,,,,,,,,,,,,,,,,,,,,,,,,,/muse/elements/blink,307,LHS,Female,Yes,Left
4,2022-11-01 14:32:52.908,0.0,0.0,0.0,0.6361690711835382,0.0,0.0,0.0,0.0766393960820376,0.0,0.0,0.0,0.1575614878204611,0.0,0.0,0.0,0.6509896540531869,0.0,0.0,0.0,0.257570882212757,1587.142857142857,872.7472527472528,770.8058608058608,852.1978021978023,748.2417582417582,0.126282,0.132812,0.978577,0.209351,-5.420685,-1.981354,1.0,4.0,4.0,2.0,2.0,90.0,,307,LHS,Female,Yes,Left
5,2022-11-01 14:32:53.908,0.0,0.0,0.0,0.6361690711835382,0.0,0.0,0.0,0.0766393960820376,0.0,0.0,0.0,0.1575614878204611,0.0,0.0,0.0,0.6509896540531869,0.0,0.0,0.0,0.257570882212757,71.31868131868131,822.7838827838829,722.8571428571429,838.0952380952381,692.6373626373627,0.148743,0.065796,1.003784,-0.16449,-4.82254,-5.039368,1.0,4.0,4.0,2.0,2.0,90.0,,307,LHS,Female,Yes,Left
6,2022-11-01 14:32:54.908,0.0,0.0,0.0,0.6019216267734359,0.0,0.0,0.0,0.5863385868307797,0.0,0.0,0.0,0.5063510946977317,0.0,0.0,0.0,0.5858181544711963,0.0,0.0,0.0,0.306396250936269,0.0,0.0,336.4468864468865,817.1428571428571,689.4139194139194,0.160339,0.009766,1.007568,2.272949,-5.906677,0.852356,1.0,4.0,4.0,2.0,1.0,90.0,,307,LHS,Female,Yes,Left
7,2022-11-01 14:32:55.075,,,,,,,,,,,,,,,,,,,,,,,,,,,,,,,,,,,,,,/muse/elements/blink,307,LHS,Female,Yes,Left
8,2022-11-01 14:32:55.908,0.0,0.0,0.0,0.5242963838492175,0.0,0.0,0.0,0.5972913279419554,0.0,0.0,0.0,0.5018673431205926,0.0,0.0,0.0,0.5512791269707313,0.0,0.0,0.0,0.2694941678114572,0.0,413.003663003663,563.6996336996338,742.6007326007326,703.919413919414,0.169128,-0.021057,1.004089,1.786957,-4.815063,-1.884155,1.0,4.0,4.0,2.0,1.0,90.0,,307,LHS,Female,Yes,Left
9,2022-11-01 14:32:56.618,,,,,,,,,,,,,,,,,,,,,,,,,,,,,,,,,,,,,,/muse/elements/blink,307,LHS,Female,Yes,Left
10,2022-11-01 14:32:56.801,,,,,,,,,,,,,,,,,,,,,,,,,,,,,,,,,,,,,,/muse/elements/blink,307,LHS,Female,Yes,Left
11,2022-11-01 14:32:56.908,0.0,0.0,0.0,0.5242963838492175,0.0,0.0,0.0,0.5972913279419554,0.0,0.0,0.0,0.5018673431205926,0.0,0.0,0.0,0.5512791269707313,0.0,0.0,0.0,0.2694941678114572,1649.194139194139,890.8791208791209,734.1391941391942,853.0036630036631,855.4212454212454,0.163696,-0.006165,0.995789,2.983246,-4.403839,0.463562,1.0,4.0,4.0,2.0,1.0,95.0,,307,LHS,Female,Yes,Left
12,2022-11-01 14:32:57.117,,,,,,,,,,,,,,,,,,,,,,,,,,,,,,,,,,,,,,/muse/elements/blink,307,LHS,Female,Yes,Left
13,2022-11-01 14:32:57.730,,,,,,,,,,,,,,,,,,,,,,,,,,,,,,,,,,,,,,/muse/elements/blink,307,LHS,Female,Yes,Left
14,2022-11-01 14:32:57.908,0.0,0.0,0.0,0.5242963838492175,0.0,0.0,0.0,0.5972913279419554,0.0,0.0,0.0,0.5018673431205926,0.0,0.0,0.0,0.5512791269707313,0.0,0.0,0.0,0.2694941678114572,1014.981684981685,736.5567765567765,659.5970695970697,913.040293040293,701.5018315018315,0.169739,-0.014282,1.000488,1.719666,-4.358978,-0.291595,1.0,4.0,4.0,2.0,2.0,95.0,,307,LHS,Female,Yes,Left
15,2022-11-01 14:32:58.909,0.0,0.0,0.0,0.5242963838492175,0.0,0.0,0.0,0.5972913279419554,0.0,0.0,0.0,0.5018673431205926,0.0,0.0,0.0,0.5512791269707313,0.0,0.0,0.0,0.2694941678114572,1349.81684981685,920.6959706959708,804.2490842490843,885.6410256410256,679.3406593406594,0.18811,-0.019958,1.005371,4.433746,-4.149628,-2.332764,1.0,4.0,4.0,2.0,2.0,95.0,,307,LHS,Female,Yes,Left
16,2022-11-01 14:32:59.654,,,,,,,,,,,,,,,,,,,,,,,,,,,,,,,,,,,,,,/muse/elements/blink,307,LHS,Female,Yes,Left
17,2022-11-01 14:32:59.914,0.0,0.0,0.0,0.5242963838492175,0.0,0.0,0.0,0.5972913279419554,0.0,0.0,0.0,0.5018673431205926,0.0,0.0,0.0,0.5512791269707313,0.0,0.0,0.0,0.2694941678114572,1265.604395604396,427.5091575091575,617.6923076923077,911.4285714285714,896.9230769230769,0.15802,-0.006104,1.009216,3.970184,-3.58139,3.940277,1.0,4.0,4.0,2.0,2.0,95.0,,307,LHS,Female,Yes,Left
18,2022-11-01 14:33:00.086,,,,,,,,,,,,,,,,,,,,,,,,,,,,,,,,,,,,,,/muse/elements/blink,307,LHS,Female,Yes,Left
19,2022-11-01 14:33:00.911,0.0,0.0,0.0,0.5242963838492175,0.0,0.0,0.0,0.5972913279419554,0.0,0.0,0.0,0.5018673431205926,0.0,0.0,0.0,0.5512791269707313,0.0,0.0,0.0,0.2694941678114572,547.5824175824176,797.8021978021978,741.3919413919414,844.5421245421246,779.2673992673992,0.187927,-0.01532,0.991333,4.022522,-5.981445,-3.065491,1.0,4.0,4.0,2.0,2.0,95.0,,307,LHS,Female,Yes,Left
20,2022-11-01 14:33:01.908,0.0,0.0,0.0,0.8292975807804763,0.0,0.0,0.0,0.6055597585025898,0.0,0.0,0.0,0.5776452924108189,0.0,0.0,0.0,0.5942127170695747,0.0,0.0,0.0,0.2614227407870188,145.0549450549451,405.3479853479853,628.5714285714286,844.945054945055,860.2564102564103,0.186157,0.006104,0.990234,7.484283,-4.680481,5.203857,1.0,4.0,4.0,2.0,1.0,95.0,,307,LHS,Female,Yes,Left
21,2022-11-01 14:33:02.913,0.0,0.0,0.0,0.5625572518044544,0.0,0.0,0.0,0.600922860907419,0.0,0.0,0.0,0.8806573138549478,0.0,0.0,0.0,0.5795830325662109,0.0,0.0,0.0,0.2229929616328853,958.974358974359,306.6300366300366,598.3516483516484,869.5238095238095,917.875457875458,0.197205,-0.008972,1.000793,2.781372,-6.489868,-3.215027,1.0,4.0,4.0,2.0,1.0,95.0,,307,LHS,Female,Yes,Left
22,2022-11-01 14:33:03.907,0.0,0.0,0.0,0.696237048701307,0.0,0.0,0.0,0.6514004448810905,0.0,0.0,0.0,1.006231825504716,0.0,0.0,0.0,0.5966321835640441,0.0,0.0,0.0,0.2629308559728286,253.0402930402931,740.5860805860806,750.2564102564103,842.1245421245421,815.934065934066,0.191833,0.002258,1.007507,4.673004,-8.127289,3.035583,1.0,4.0,4.0,2.0,1.0,95.0,,307,LHS,Female,Yes,Left
23,2022-11-01 14:33:04.908,0.0,0.0,0.0,0.8606773778013836,0.0,0.0,0.0,0.7239533265722776,0.0,0.0,0.0,0.9232887226693938,0.0,0.0,0.0,0.7124171865193496,0.0,0.0,0.0,0.2732738134993934,0.0,239.3406593406594,555.2380952380953,795.7875457875458,835.2747252747253,0.215576,-0.009338,0.980713,0.478516,-3.349609,0.044861,1.0,4.0,4.0,2.0,1.0,95.0,,307,LHS,Female,Yes,Left
24,2022-11-01 14:33:05.915,0.0,0.0,0.0,0.4308020232690077,0.0,0.0,0.0,0.4319804501754373,0.0,0.0,0.0,0.6993914633271878,0.0,0.0,0.0,0.6297416459718213,0.0,0.0,0.0,0.1994855976754801,0.0,20.95238095238095,502.8571428571429,823.992673992674,779.2673992673992,0.190552,-0.010315,1.007751,3.087921,-5.420685,2.811279,1.0,4.0,4.0,2.0,1.0,95.0,,307,LHS,Female,Yes,Left
25,2022-11-01 14:33:06.907,0.0,0.0,0.0,0.4135508031835778,0.0,0.0,0.0,0.4787764656506077,0.0,0.0,0.0,0.5342134277025004,0.0,0.0,0.0,0.5825026649931628,0.0,0.0,0.0,0.1201507868931715,0.0,654.7619047619048,641.0622710622711,811.5018315018315,753.8827838827839,0.206909,-0.035461,1.002014,1.143951,-5.390778,-0.822449,1.0,4.0,4.0,2.0,1.0,90.0,,307,LHS,Female,Yes,Left
26,2022-11-01 14:33:07.407,,,,,,,,,,,,,,,,,,,,,,,,,,,,,,,,,,,,,,/muse/elements/blink,307,LHS,Female,Yes,Left
27,2022-11-01 14:33:07.908,0.0,0.0,0.0,0.4135508031835778,0.0,0.0,0.0,0.4787764656506077,0.0,0.0,0.0,0.5342134277025004,0.0,0.0,0.0,0.5825026649931628,0.0,0.0,0.0,0.1201507868931715,1621.391941391941,58.02197802197802,954.5421245421246,867.1062271062272,748.6446886446887,0.22644,-0.036316,0.99469,3.39447,-2.459869,-2.429962,1.0,4.0,4.0,2.0,2.0,90.0,,307,LHS,Female,Yes,Left
28,2022-11-01 14:33:08.378,,,,,,,,,,,,,,,,,,,,,,,,,,,,,,,,,,,,,,/muse/elements/blink,307,LHS,Female,Yes,Left
29,2022-11-01 14:33:08.715,,,,,,,,,,,,,,,,,,,,,,,,,,,,,,,,,,,,,,/muse/elements/blink,307,LHS,Female,Yes,Left
30,2022-11-01 14:33:08.908,0.0,0.0,0.0,0.4135508031835778,0.0,0.0,0.0,0.4787764656506077,0.0,0.0,0.0,0.5342134277025004,0.0,0.0,0.0,0.5825026649931628,0.0,0.0,0.0,0.1201507868931715,736.5567765567765,740.1831501831502,880.8058608058608,1032.307692307692,844.5421245421246,0.176392,-0.009644,1.01001,3.424377,-4.089813,-1.540222,1.0,4.0,4.0,2.0,2.0,90.0,,307,LHS,Female,Yes,Left
31,2022-11-01 14:33:09.319,,,,,,,,,,,,,,,,,,,,,,,,,,,,,,,,,,,,,,/muse/elements/blink,307,LHS,Female,Yes,Left
32,2022-11-01 14:33:09.908,0.0,0.0,0.0,0.4135508031835778,0.0,0.0,0.0,0.4787764656506077,0.0,0.0,0.0,0.5342134277025004,0.0,0.0,0.0,0.5825026649931628,0.0,0.0,0.0,0.1201507868931715,0.0,432.7472527472528,572.1611721611722,806.6666666666667,738.974358974359,0.202637,-0.029663,0.990112,1.024323,-4.665527,-1.637421,1.0,4.0,4.0,2.0,2.0,90.0,,307,LHS,Female,Yes,Left
33,2022-11-01 14:33:10.628,,,,,,,,,,,,,,,,,,,,,,,,,,,,,,,,,,,,,,/muse/elements/blink,307,LHS,Female,Yes,Left
34,2022-11-01 14:33:10.908,0.0,0.0,0.0,0.4135508031835778,0.0,0.0,0.0,0.4787764656506077,0.0,0.0,0.0,0.5342134277025004,0.0,0.0,0.0,0.5825026649931628,0.0,0.0,0.0,0.1201507868931715,5.238095238095238,907.8021978021978,855.0183150183151,861.8681318681319,704.3223443223443,0.193176,-0.039368,1.007019,1.4505,-4.830017,-2.437439,1.0,2.0,4.0,2.0,2.0,90.0,,307,LHS,Female,Yes,Left
