,TimeStamp,Delta_TP9,Delta_AF7,Delta_AF8,Delta_TP10,Theta_TP9,Theta_AF7,Theta_AF8,Theta_TP10,Alpha_TP9,Alpha_AF7,Alpha_AF8,Alpha_TP10,Beta_TP9,Beta_AF7,Beta_AF8,Beta_TP10,Gamma_TP9,Gamma_AF7,Gamma_AF8,Gamma_TP10,RAW_TP9,RAW_AF7,RAW_AF8,RAW_TP10,AUX_RIGHT,Accelerometer_X,Accelerometer_Y,Accelerometer_Z,Gyro_X,Gyro_Y,Gyro_Z,HeadBandOn,HSI_TP9,HSI_AF7,HSI_AF8,HSI_TP10,Battery,Elements,Participant,Test,Gender,English,Dominance
0,2022-11-01 15:03:56.431,,,,,,,,,,,,,,,,,,,,,,,,,,,,,,,,,,,,,,/muse/event/connected Muse-9E89,309,LHS,Female,No,Right
1,2022-11-01 15:03:56.458,0.30556962,0.52502096,0.20434304,0.95994586,0.8128717,0.46557075,0.041420773,0.53166497,1.0116246,0.7514667,0.12953542,1.1620811,0.9062252,1.1430285,0.6864174,0.97252315,0.74793416,0.7027782,0.93173873,0.8429724,785.31134,785.31134,634.21246,786.1172,608.8278,0.6983642578125,0.14605712890625,0.73089599609375,1.57012939453125,-3.745880126953125,1.136474609375,1.0,2.0,4.0,2.0,2.0,75.0,,309,LHS,Female,No,Right
2,2022-11-01 15:03:57.476,0.30556962,0.52502096,0.20434304,0.95994586,0.8128717,0.46557075,0.041420773,0.53166497,1.0116246,0.7514667,0.12953542,1.1620811,0.9062252,1.1430285,0.6864174,0.97252315,0.74793416,0.7027782,0.93173873,0.8429724,839.707,654.7619,632.6007,795.78754,871.13556,0.70111083984375,0.1461181640625,0.72412109375,1.891632080078125,-3.581390380859375,-1.8243408203125,1.0,2.0,4.0,2.0,2.0,75.0,,309,LHS,Female,No,Right
3,2022-11-01 15:03:58.471,,,,,,,,,,,,,,,,,,,,,,,,,,,,,,,,,,,,,,/muse/elements/blink,309,LHS,Female,No,Right
4,2022-11-01 15:03:58.490,0.30556962,0.52502096,0.20434304,0.95994586,0.8128717,0.46557075,0.041420773,0.53166497,1.0116246,0.7514667,0.12953542,1.1620811,0.9062252,1.1430285,0.6864174,0.97252315,0.74793416,0.7027782,0.93173873,0.8429724,829.2308,494.3956,551.6117,880.80585,765.56775,0.72552490234375,0.1190185546875,0.71197509765625,0.37384033203125,-3.93280029296875,-1.143951416015625,1.0,2.0,4.0,2.0,2.0,75.0,,309,LHS,Female,No,Right
5,2022-11-01 15:03:59.167,,,,,,,,,,,,,,,,,,,,,,,,,,,,,,,,,,,,,,/muse/elements/blink,309,LHS,Female,No,Right
6,2022-11-01 15:03:59.521,0.30556962,0.52502096,0.20434304,0.95994586,0.8128717,0.46557075,0.041420773,0.53166497,1.0116246,0.7514667,0.12953542,1.1620811,0.9062252,1.1430285,0.6864174,0.97252315,0.74793416,0.7027782,0.93173873,0.8429724,805.8608,895.7143,733.73627,800.6227,647.1062,0.71563720703125,0.13946533203125,0.7279052734375,-0.171966552734375,-4.725341796875,-0.396270751953125,1.0,2.0,4.0,2.0,2.0,70.0,,309,LHS,Female,No,Right
7,2022-11-01 15:04:00.546,0.30556962,0.52502096,0.20434304,0.9875478,0.8128717,0.46557075,0.041420773,0.7874151,1.0116246,0.7514667,0.12953542,1.1981401,0.9062252,1.1430285,0.6864174,1.1329373,0.74793416,0.7027782,0.93173873,0.9181865,807.8755,714.7985,707.9487,811.9048,807.47253,0.7254638671875,0.11602783203125,0.709716796875,-1.562652587890625,-5.734710693359375,-2.953338623046875,1.0,1.0,4.0,2.0,1.0,70.0,,309,LHS,Female,No,Right
8,2022-11-01 15:04:01.321,,,,,,,,,,,,,,,,,,,,,,,,,,,,,,,,,,,,,,/muse/elements/blink,309,LHS,Female,No,Right
9,2022-11-01 15:04:01.585,1.634183,0.52502096,0.20434304,1.1569127,0.8484138,0.46557075,0.041420773,0.83250916,0.53986955,0.7514667,0.12953542,1.0547867,1.1884084,1.1430285,0.6864174,1.0763216,0.93215346,0.7027782,0.93173873,0.88521856,831.6484,597.5458,549.19415,802.23444,631.39197,0.7086181640625,0.1395263671875,0.73602294921875,1.158905029296875,-4.59075927734375,-3.521575927734375,1.0,1.0,4.0,2.0,1.0,70.0,,309,LHS,Female,No,Right
10,2022-11-01 15:04:02.604,1.6424975,0.52502096,0.20434304,1.265711,0.8326545,0.46557075,0.041420773,0.9384221,0.45243016,0.7514667,0.12953542,0.8659221,1.2200482,1.1430285,0.6864174,1.0436136,0.94361967,0.7027782,0.93173873,0.90462315,786.52014,718.022,713.9927,782.8938,734.94507,0.68084716796875,0.12542724609375,0.73028564453125,6.901092529296875,-3.476715087890625,3.48419189453125,1.0,1.0,4.0,2.0,1.0,70.0,,309,LHS,Female,No,Right
11,2022-11-01 15:04:03.637,1.2012969,0.52502096,0.20434304,1.265711,1.2316568,0.46557075,0.041420773,0.9384221,0.837343,0.7514667,0.12953542,0.8659221,1.1693066,1.1430285,0.6864174,1.0436136,0.8321767,0.7027782,0.93173873,0.90462315,797.8022,788.1319,678.1319,790.54944,646.7033,0.74224853515625,0.1016845703125,0.71124267578125,-0.58319091796875,-3.207550048828125,-0.396270751953125,1.0,1.0,4.0,2.0,1.0,70.0,,309,LHS,Female,No,Right
12,2022-11-01 15:04:04.652,1.210598,0.52502096,0.20434304,1.265711,1.1652611,0.46557075,0.041420773,0.9384221,0.74012107,0.7514667,0.12953542,0.8659221,1.1791775,1.1430285,0.6864174,1.0436136,0.84097874,0.7027782,0.93173873,0.90462315,821.5751,873.95605,829.6337,882.01465,724.0659,0.71844482421875,0.14935302734375,0.701416015625,3.1402587890625,-3.910369873046875,-0.276641845703125,1.0,1.0,4.0,2.0,1.0,70.0,,309,LHS,Female,No,Right
13,2022-11-01 15:04:05.664,0.42487276,0.52502096,0.20434304,1.265711,0.69694245,0.46557075,0.041420773,0.9384221,1.028376,0.7514667,0.12953542,0.8659221,0.9989502,1.1430285,0.6864174,1.0436136,1.0254058,0.7027782,0.93173873,0.90462315,799.81683,784.5055,733.3333,809.4872,680.9524,0.7061767578125,0.16876220703125,0.7265625,7.04315185546875,-5.60760498046875,-2.175750732421875,1.0,1.0,4.0,2.0,1.0,70.0,,309,LHS,Female,No,Right
14,2022-11-01 15:04:06.675,0.72688437,0.52502096,0.20434304,1.5004289,0.56403005,0.46557075,0.041420773,1.1215576,0.95842475,0.7514667,0.12953542,1.0640656,1.1818807,1.1430285,0.6864174,1.387277,1.1293951,0.7027782,0.93173873,1.014175,804.65204,982.3443,836.08057,835.2747,633.4066,0.72015380859375,0.15301513671875,0.72064208984375,4.306640625,-7.05810546875,-0.485992431640625,1.0,1.0,4.0,2.0,1.0,70.0,,309,LHS,Female,No,Right
15,2022-11-01 15:04:07.704,0.8106499,0.52502096,0.20434304,1.5275203,0.6798638,0.46557075,0.041420773,1.2112617,0.88240635,0.7514667,0.12953542,1.168628,1.1732874,1.1430285,0.6864174,1.3039769,1.198061,0.7027782,0.93173873,0.99941957,770.40295,808.2784,796.5934,771.6117,702.3077,0.71624755859375,0.16204833984375,0.7171630859375,6.5496826171875,-4.493560791015625,0.59814453125,1.0,1.0,4.0,2.0,1.0,70.0,,309,LHS,Female,No,Right
16,2022-11-01 15:04:08.732,0.9780511,0.52502096,0.20434304,1.5969247,0.80065995,0.46557075,0.041420773,1.2144195,0.43422505,0.7514667,0.12953542,0.82067466,1.0758154,1.1430285,0.6864174,1.2086289,0.96114606,0.7027782,0.93173873,1.0548401,847.76556,694.65204,626.9597,855.82416,766.3736,0.71429443359375,0.131591796875,0.713623046875,2.51220703125,-4.97955322265625,-1.71966552734375,1.0,1.0,4.0,2.0,1.0,70.0,,309,LHS,Female,No,Right
17,2022-11-01 15:04:08.932,,,,,,,,,,,,,,,,,,,,,,,,,,,,,,,,,,,,,,/muse/elements/blink,309,LHS,Female,No,Right
18,2022-11-01 15:04:09.758,1.1110193,0.52502096,0.20434304,1.6137646,0.9186606,0.46557075,0.041420773,1.1992441,0.2506488,0.7514667,0.12953542,0.7276123,1.2195302,1.1430285,0.6864174,1.2114186,0.85918367,0.7027782,0.93173873,1.0513387,790.14655,956.55676,749.45056,807.47253,745.42126,0.7177734375,0.1412353515625,0.6966552734375,3.327178955078125,-2.953338623046875,0.979461669921875,1.0,1.0,4.0,2.0,1.0,75.0,,309,LHS,Female,No,Right
19,2022-11-01 15:04:10.032,,,,,,,,,,,,,,,,,,,,,,,,,,,,,,,,,,,,,,/muse/elements/blink,309,LHS,Female,No,Right
20,2022-11-01 15:04:10.647,,,,,,,,,,,,,,,,,,,,,,,,,,,,,,,,,,,,,,/muse/elements/blink,309,LHS,Female,No,Right
21,2022-11-01 15:04:10.771,1.1110193,0.52502096,0.20434304,1.6137646,0.9186606,0.46557075,0.041420773,1.1992441,0.2506488,0.7514667,0.12953542,0.7276123,1.2195302,1.1430285,0.6864174,1.2114186,0.85918367,0.7027782,0.93173873,1.0513387,855.0183,1526.3004,997.6557,859.85345,758.71796,0.3673095703125,0.1944580078125,0.93499755859375,3.626251220703125,12.299346923828123,0.934600830078125,1.0,1.0,4.0,2.0,1.0,75.0,,309,LHS,Female,No,Right
