,TimeStamp,Delta_TP9,Delta_AF7,Delta_AF8,Delta_TP10,Theta_TP9,Theta_AF7,Theta_AF8,Theta_TP10,Alpha_TP9,Alpha_AF7,Alpha_AF8,Alpha_TP10,Beta_TP9,Beta_AF7,Beta_AF8,Beta_TP10,Gamma_TP9,Gamma_AF7,Gamma_AF8,Gamma_TP10,RAW_TP9,RAW_AF7,RAW_AF8,RAW_TP10,AUX_RIGHT,Accelerometer_X,Accelerometer_Y,Accelerometer_Z,Gyro_X,Gyro_Y,Gyro_Z,HeadBandOn,HSI_TP9,HSI_AF7,HSI_AF8,HSI_TP10,Battery,Elements,Participant,Test,Gender,English,Dominance
0,2022-11-02 19:21:34.374,,,,,,,,,,,,,,,,,,,,,,,,,,,,,,,,,,,,,,/muse/event/connected Muse-9E89,326,LHC,Male,Yes,Right
1,2022-11-02 19:21:34.402,0.9216833,0.0,0.0,1.3945023,0.6680612,0.0,0.0,0.8359385,0.90634954,0.0,0.0,0.92576814,0.4789633,0.0,0.0,0.933609,0.3311341,0.0,0.0,0.64873785,805.05493,394.06595,819.9634,756.30035,771.2088,0.37457275390625,0.21942138671875,0.95062255859375,1.951446533203125,2.818756103515625,-0.10467529296875,1.0,1.0,4.0,2.0,1.0,100.0,,326,LHC,Male,Yes,Right
2,2022-11-02 19:21:35.417,0.92413443,0.0,0.0,1.3945023,0.7794825,0.0,0.0,0.8359385,0.8606478,0.0,0.0,0.92576814,0.5810938,0.0,0.0,0.933609,0.4741839,0.0,0.0,0.64873785,850.58606,384.3956,836.08057,815.9341,682.5641,0.1556396484375,0.36431884765625,0.947509765625,-0.11962890625,5.323486328125,-11.476898193359377,1.0,1.0,4.0,2.0,1.0,100.0,,326,LHC,Male,Yes,Right
3,2022-11-02 19:21:36.426,0.92413443,0.0,0.0,1.3945023,0.7794825,0.0,0.0,0.8359385,0.8606478,0.0,0.0,0.92576814,0.5810938,0.0,0.0,0.933609,0.4741839,0.0,0.0,0.64873785,787.72894,616.8865,875.16486,735.7509,649.92676,0.51470947265625,0.03509521484375,0.882080078125,3.312225341796875,-7.574005126953125,-6.138458251953125,1.0,1.0,4.0,2.0,1.0,100.0,,326,LHC,Male,Yes,Right
4,2022-11-02 19:21:37.445,0.92413443,0.0,0.0,1.3945023,0.7794825,0.0,0.0,0.8359385,0.8606478,0.0,0.0,0.92576814,0.5810938,0.0,0.0,0.933609,0.4741839,0.0,0.0,0.64873785,809.4872,630.989,847.76556,939.2308,909.011,0.510009765625,0.11328125,0.86761474609375,2.213134765625,-4.66552734375,-4.149627685546875,1.0,2.0,4.0,2.0,2.0,100.0,,326,LHC,Male,Yes,Right
5,2022-11-02 19:21:38.481,0.92413443,0.0,0.0,1.3945023,0.7794825,0.0,0.0,0.8359385,0.8606478,0.0,0.0,0.92576814,0.5810938,0.0,0.0,0.933609,0.4741839,0.0,0.0,0.64873785,811.9048,236.52014,540.32965,754.2857,633.4066,0.4942626953125,0.130615234375,0.87939453125,3.237457275390625,-1.682281494140625,-0.418701171875,1.0,2.0,4.0,2.0,2.0,100.0,,326,LHC,Male,Yes,Right
6,2022-11-02 19:21:39.491,0.92413443,0.0,0.0,1.3945023,0.7794825,0.0,0.0,0.8359385,0.8606478,0.0,0.0,0.92576814,0.5810938,0.0,0.0,0.933609,0.4741839,0.0,0.0,0.64873785,810.696,309.8535,707.5458,761.9414,649.92676,0.49346923828125,0.14776611328125,0.8812255859375,4.53094482421875,-4.717864990234375,-0.515899658203125,1.0,2.0,4.0,2.0,2.0,100.0,,326,LHC,Male,Yes,Right
7,2022-11-02 19:21:40.511,0.92413443,0.0,0.0,1.3945023,0.7794825,0.0,0.0,0.8359385,0.8606478,0.0,0.0,0.92576814,0.5810938,0.0,0.0,0.933609,0.4741839,0.0,0.0,0.64873785,819.15753,599.5604,893.2967,775.64105,716.0073,0.49261474609375,0.14031982421875,0.86846923828125,3.8580322265625,-5.884246826171875,-0.3289794921875,1.0,2.0,4.0,2.0,2.0,100.0,,326,LHC,Male,Yes,Right
8,2022-11-02 19:21:41.522,0.92413443,0.0,0.0,1.3945023,0.7794825,0.0,0.0,0.8359385,0.8606478,0.0,0.0,0.92576814,0.5810938,0.0,0.0,0.933609,0.4741839,0.0,0.0,0.64873785,813.1135,645.89746,875.9707,845.34796,738.1685,0.5035400390625,0.1578369140625,0.87872314453125,3.431854248046875,-4.3963623046875,-0.605621337890625,1.0,2.0,4.0,2.0,2.0,100.0,,326,LHC,Male,Yes,Right
9,2022-11-02 19:21:42.543,0.92413443,0.0,0.0,1.3945023,0.7794825,0.0,0.0,0.8359385,0.8606478,0.0,0.0,0.92576814,0.5810938,0.0,0.0,0.933609,0.4741839,0.0,0.0,0.64873785,819.5604,687.8022,817.9487,843.73627,686.99634,0.4737548828125,0.14337158203125,0.879638671875,4.942169189453125,-4.26177978515625,3.24493408203125,1.0,2.0,4.0,2.0,2.0,100.0,,326,LHC,Male,Yes,Right
10,2022-11-02 19:21:43.549,0.92413443,0.0,0.0,1.3945023,0.7794825,0.0,0.0,0.8359385,0.8606478,0.0,0.0,0.92576814,0.5810938,0.0,0.0,0.933609,0.4741839,0.0,0.0,0.64873785,836.4835,627.76556,861.4652,838.9011,680.54944,0.49298095703125,0.176513671875,0.8709716796875,0.95703125,-5.196380615234375,-1.9140625,1.0,2.0,4.0,2.0,2.0,100.0,,326,LHC,Male,Yes,Right
11,2022-11-02 19:21:44.487,,,,,,,,,,,,,,,,,,,,,,,,,,,,,,,,,,,,,,/muse/elements/blink,326,LHC,Male,Yes,Right
12,2022-11-02 19:21:44.553,0.92413443,0.0,0.0,1.3945023,0.7794825,0.0,0.0,0.8359385,0.8606478,0.0,0.0,0.92576814,0.5810938,0.0,0.0,0.933609,0.4741839,0.0,0.0,0.64873785,813.91943,218.79121,693.0403,967.8388,1128.608,0.51177978515625,0.17486572265625,0.87371826171875,3.476715087890625,-6.557159423828125,0.059814453125,1.0,2.0,4.0,2.0,2.0,100.0,,326,LHC,Male,Yes,Right
13,2022-11-02 19:21:45.575,0.92413443,0.0,0.0,1.3945023,0.7794825,0.0,0.0,0.8359385,0.8606478,0.0,0.0,0.92576814,0.5810938,0.0,0.0,0.933609,0.4741839,0.0,0.0,0.64873785,802.6374,500.8425,778.46155,777.6557,743.4066,0.51177978515625,0.15625,0.86041259765625,1.24114990234375,-3.745880126953125,-1.323394775390625,1.0,2.0,4.0,2.0,2.0,100.0,,326,LHC,Male,Yes,Right
14,2022-11-02 19:21:46.077,,,,,,,,,,,,,,,,,,,,,,,,,,,,,,,,,,,,,,/muse/elements/blink,326,LHC,Male,Yes,Right
15,2022-11-02 19:21:46.599,0.92413443,0.0,0.0,1.3945023,0.7794825,0.0,0.0,0.8359385,0.8606478,0.0,0.0,0.92576814,0.5810938,0.0,0.0,0.933609,0.4741839,0.0,0.0,0.64873785,809.4872,420.2564,624.94507,623.3333,707.5458,0.33599853515625,0.03302001953125,0.95849609375,5.562744140625,-1.786956787109375,6.68426513671875,1.0,2.0,4.0,2.0,2.0,100.0,,326,LHC,Male,Yes,Right
16,2022-11-02 19:21:47.623,0.92413443,0.0,0.0,1.3945023,0.7794825,0.0,0.0,0.8359385,0.8606478,0.0,0.0,0.92576814,0.5810938,0.0,0.0,0.933609,0.4741839,0.0,0.0,0.64873785,816.7399,358.20514,807.8755,947.28937,860.2564,0.35980224609375,0.044921875,0.9547119140625,3.60382080078125,-3.297271728515625,0.43365478515625,1.0,2.0,4.0,2.0,2.0,100.0,,326,LHC,Male,Yes,Right
17,2022-11-02 19:21:48.651,0.70755684,0.0,0.0,1.3945023,-0.11470904,0.0,0.0,0.8359385,0.3852748,0.0,0.0,0.92576814,0.48811588,0.0,0.0,0.933609,0.11421216,0.0,0.0,0.64873785,808.68134,579.011,855.42126,874.7619,796.1905,0.3507080078125,0.04376220703125,0.9525146484375,2.250518798828125,-4.56085205078125,0.291595458984375,1.0,1.0,4.0,2.0,1.0,100.0,,326,LHC,Male,Yes,Right
18,2022-11-02 19:21:49.664,0.70755684,0.0,0.0,1.3945023,-0.11470904,0.0,0.0,0.8359385,0.3852748,0.0,0.0,0.92576814,0.48811588,0.0,0.0,0.933609,0.11421216,0.0,0.0,0.64873785,798.20514,488.35165,834.87177,776.8498,652.74725,0.46746826171875,0.1436767578125,0.913330078125,2.6617431640625,-9.0020751953125,-3.386993408203125,1.0,1.0,4.0,2.0,1.0,100.0,,326,LHC,Male,Yes,Right
19,2022-11-02 19:21:50.684,0.70755684,0.0,0.0,1.3945023,-0.11470904,0.0,0.0,0.8359385,0.3852748,0.0,0.0,0.92576814,0.48811588,0.0,0.0,0.933609,0.11421216,0.0,0.0,0.64873785,794.57874,760.32965,898.5348,848.1685,618.0952,0.45703125,0.14093017578125,0.90570068359375,3.117828369140625,-3.6187744140625,-0.67291259765625,1.0,2.0,4.0,2.0,2.0,100.0,,326,LHC,Male,Yes,Right
20,2022-11-02 19:21:51.692,0.13436885,0.0,0.0,1.3945023,0.12589933,0.0,0.0,0.8359385,0.515893,0.0,0.0,0.92576814,0.3877173,0.0,0.0,0.933609,0.51942706,0.0,0.0,0.64873785,815.9341,578.60803,869.92676,860.2564,646.7033,0.46575927734375,0.1416015625,0.9036865234375,4.717864990234375,-5.24871826171875,0.276641845703125,1.0,1.0,4.0,2.0,1.0,100.0,,326,LHC,Male,Yes,Right
21,2022-11-02 19:21:52.717,0.00522191,0.0,0.0,1.3945023,0.15041861,0.0,0.0,0.8359385,0.43819508,0.0,0.0,0.92576814,0.4195966,0.0,0.0,0.933609,0.3887499,0.0,0.0,0.64873785,803.44324,511.3187,736.55676,826.4103,693.0403,0.4603271484375,0.13482666015625,0.8992919921875,2.609405517578125,-5.39825439453125,0.0299072265625,1.0,1.0,4.0,2.0,1.0,100.0,,326,LHC,Male,Yes,Right
22,2022-11-02 19:21:53.739,0.21060465,0.0,0.0,1.3945023,0.08022563,0.0,0.0,0.8359385,0.35325179,0.0,0.0,0.92576814,0.5317249,0.0,0.0,0.933609,0.19572113,0.0,0.0,0.64873785,838.0952,475.8608,733.73627,401.3187,811.0989,0.44207763671875,0.140380859375,0.9039306640625,2.564544677734375,0.97198486328125,1.03179931640625,1.0,1.0,2.0,2.0,1.0,100.0,,326,LHC,Male,Yes,Right
23,2022-11-02 19:21:54.765,0.4065046,0.0,0.0,1.3945023,-0.12190979,0.0,0.0,0.8359385,0.12358119,0.0,0.0,0.92576814,0.60878956,0.0,0.0,0.933609,0.03683555,0.0,0.0,0.64873785,822.381,842.9304,922.71063,843.3333,784.90845,0.4697265625,0.1337890625,0.8846435546875,3.641204833984375,-4.78515625,0.478515625,1.0,1.0,4.0,2.0,1.0,100.0,,326,LHC,Male,Yes,Right
24,2022-11-02 19:21:55.797,0.4065046,0.0,0.0,1.3945023,-0.12190979,0.0,0.0,0.8359385,0.12358119,0.0,0.0,0.92576814,0.60878956,0.0,0.0,0.933609,0.03683555,0.0,0.0,0.64873785,810.696,601.978,779.2674,873.5531,766.3736,0.4664306640625,0.13677978515625,0.88623046875,2.03369140625,-4.366455078125,-2.04864501953125,1.0,2.0,4.0,2.0,2.0,100.0,,326,LHC,Male,Yes,Right
25,2022-11-02 19:21:56.817,0.643984,0.0,0.0,1.3945023,0.38226372,0.0,0.0,0.8359385,0.5518566,0.0,0.0,0.92576814,0.60828876,0.0,0.0,0.933609,0.42305213,0.0,0.0,0.64873785,810.696,622.52747,777.6557,779.2674,743.4066,0.47027587890625,0.1571044921875,0.882568359375,1.517791748046875,-5.585174560546875,0.10467529296875,1.0,1.0,4.0,2.0,4.0,100.0,,326,LHC,Male,Yes,Right
26,2022-11-02 19:21:57.378,,,,,,,,,,,,,,,,,,,,,,,,,,,,,,,,,,,,,,/muse/elements/jaw_clench,326,LHC,Male,Yes,Right
27,2022-11-02 19:21:57.838,0.74372137,0.0,0.0,1.3945023,0.5606218,0.0,0.0,0.8359385,0.6667132,0.0,0.0,0.92576814,0.6106821,0.0,0.0,0.933609,0.34087953,0.0,0.0,0.64873785,805.4579,890.4762,901.75824,823.1868,708.3516,0.47711181640625,0.14825439453125,0.88665771484375,2.235565185546875,-5.09918212890625,-0.740203857421875,1.0,1.0,4.0,2.0,1.0,100.0,,326,LHC,Male,Yes,Right
28,2022-11-02 19:21:58.857,0.52797127,0.0,0.0,1.3945023,0.40239534,0.0,0.0,0.8359385,0.7200871,0.0,0.0,0.92576814,0.49713197,0.0,0.0,0.933609,0.18301913,0.0,0.0,0.64873785,811.50183,596.337,788.1319,828.4249,761.53845,0.4639892578125,0.14556884765625,0.88677978515625,1.398162841796875,-5.151519775390625,-1.697235107421875,1.0,1.0,4.0,2.0,1.0,100.0,,326,LHC,Male,Yes,Right
29,2022-11-02 19:21:59.873,0.4658005,0.0,0.0,1.3945023,0.410913,0.0,0.0,0.8359385,0.7540759,0.0,0.0,0.92576814,0.56877977,0.0,0.0,0.933609,0.36379078,0.0,0.0,0.64873785,809.89014,425.89743,721.6484,804.2491,828.4249,0.478271484375,0.12982177734375,0.88189697265625,4.358978271484375,-3.03558349609375,-1.084136962890625,1.0,1.0,4.0,2.0,1.0,100.0,,326,LHC,Male,Yes,Right
30,2022-11-02 19:22:00.892,0.6102805,0.0,0.0,1.3945023,0.25651976,0.0,0.0,0.8359385,0.601152,0.0,0.0,0.92576814,0.64618546,0.0,0.0,0.933609,0.2818976,0.0,0.0,0.64873785,816.7399,854.61536,857.8388,792.96704,847.76556,0.48345947265625,0.16107177734375,0.89190673828125,4.62066650390625,-5.106658935546875,0.35888671875,1.0,1.0,4.0,2.0,1.0,100.0,,326,LHC,Male,Yes,Right
31,2022-11-02 19:22:01.905,0.1758282,0.0,0.0,1.3945023,-0.11106835,0.0,0.0,0.8359385,0.2536442,0.0,0.0,0.92576814,0.4086387,0.0,0.0,0.933609,0.027461044,0.0,0.0,0.64873785,803.8461,742.1978,887.25275,906.1905,729.304,0.479248046875,0.15631103515625,0.885498046875,0.456085205078125,-5.704803466796875,-0.814971923828125,1.0,1.0,4.0,2.0,1.0,100.0,,326,LHC,Male,Yes,Right
32,2022-11-02 19:22:02.928,0.7727248,0.0,0.0,1.3945023,0.32632852,0.0,0.0,0.8359385,0.80161077,0.0,0.0,0.92576814,0.5127574,0.0,0.0,0.933609,0.041585464,0.0,0.0,0.64873785,735.7509,503.26007,710.7692,761.9414,715.2015,0.46746826171875,0.14520263671875,0.88519287109375,3.416900634765625,-4.762725830078125,1.323394775390625,1.0,1.0,4.0,2.0,1.0,100.0,,326,LHC,Male,Yes,Right
33,2022-11-02 19:22:03.137,,,,,,,,,,,,,,,,,,,,,,,,,,,,,,,,,,,,,,/muse/elements/blink,326,LHC,Male,Yes,Right
34,2022-11-02 19:22:03.948,1.0018244,0.0,0.0,1.3945023,0.6246104,0.0,0.0,0.8359385,0.75757843,0.0,0.0,0.92576814,0.56391793,0.0,0.0,0.933609,0.08276675,0.0,0.0,0.64873785,809.4872,516.1539,701.9048,827.2161,644.2857,0.450439453125,0.23614501953125,0.87738037109375,14.392852783203123,-4.11224365234375,3.416900634765625,1.0,1.0,4.0,2.0,1.0,100.0,,326,LHC,Male,Yes,Right
35,2022-11-02 19:22:04.959,0.83160806,0.0,0.0,1.3945023,0.14888257,0.0,0.0,0.8359385,0.28844783,0.0,0.0,0.92576814,0.6099241,0.0,0.0,0.933609,0.09400784,0.0,0.0,0.64873785,846.9597,1051.2454,960.58606,946.8865,832.4542,0.47454833984375,0.22552490234375,0.87554931640625,3.03558349609375,-3.6187744140625,-1.8243408203125,1.0,1.0,4.0,2.0,1.0,100.0,,326,LHC,Male,Yes,Right
36,2022-11-02 19:22:05.978,1.0828098,0.0,0.0,1.3945023,0.6770265,0.0,0.0,0.8359385,0.5364745,0.0,0.0,0.92576814,0.48391137,0.0,0.0,0.933609,0.21354605,0.0,0.0,0.64873785,805.4579,521.39197,745.82416,868.315,748.24176,0.4818115234375,0.218505859375,0.86688232421875,1.712188720703125,-4.9346923828125,-1.83929443359375,1.0,1.0,4.0,2.0,1.0,100.0,,326,LHC,Male,Yes,Right
37,2022-11-02 19:22:06.997,0.8355647,0.0,0.0,1.3945023,0.52401567,0.0,0.0,0.8359385,0.63021743,0.0,0.0,0.92576814,0.48023745,0.0,0.0,0.933609,0.30520257,0.0,0.0,0.64873785,823.9927,491.97803,680.14655,795.38464,750.2564,0.483154296875,0.21368408203125,0.866943359375,1.614990234375,-4.583282470703125,-0.740203857421875,1.0,1.0,4.0,2.0,1.0,100.0,,326,LHC,Male,Yes,Right
38,2022-11-02 19:22:08.008,0.56583977,0.0,0.0,1.3945023,0.24469756,0.0,0.0,0.8359385,0.5865768,0.0,0.0,0.92576814,0.42969328,0.0,0.0,0.933609,0.19212113,0.0,0.0,0.64873785,821.978,771.6117,791.3553,1110.8792,682.1612,0.49053955078125,0.2110595703125,0.86663818359375,2.848663330078125,-5.899200439453125,0.396270751953125,1.0,1.0,4.0,2.0,1.0,100.0,,326,LHC,Male,Yes,Right
39,2022-11-02 19:22:09.025,0.33059445,0.0,0.0,1.3945023,0.40396535,0.0,0.0,0.8359385,0.6137647,0.0,0.0,0.92576814,0.4221247,0.0,0.0,0.933609,0.18504402,0.0,0.0,0.64873785,813.91943,374.72528,721.6484,971.8681,922.71063,0.494140625,0.215576171875,0.86883544921875,-0.2093505859375,0.456085205078125,-6.759033203125,1.0,1.0,4.0,2.0,4.0,100.0,,326,LHC,Male,Yes,Right
40,2022-11-02 19:22:10.055,0.51327765,0.0,0.0,1.3945023,0.42499688,0.0,0.0,0.8359385,0.558703,0.0,0.0,0.92576814,0.4267398,0.0,0.0,0.933609,0.1332548,0.0,0.0,0.64873785,801.4286,498.02197,684.17584,579.41394,724.0659,0.49700927734375,0.19561767578125,0.86370849609375,4.0673828125,0.530853271484375,0.538330078125,1.0,1.0,4.0,2.0,2.0,100.0,,326,LHC,Male,Yes,Right
41,2022-11-02 19:22:11.071,0.72023845,0.0,0.0,1.3945023,0.5681486,0.0,0.0,0.8359385,0.90763664,0.0,0.0,0.92576814,0.488807,0.0,0.0,0.933609,0.5059587,0.0,0.0,0.64873785,808.2784,603.9927,695.8608,814.3223,717.2161,0.42657470703125,0.18914794921875,0.9017333984375,3.5888671875,-3.701019287109375,-1.51031494140625,1.0,1.0,4.0,2.0,1.0,100.0,,326,LHC,Male,Yes,Right
42,2022-11-02 19:22:12.120,0.9996492,0.0,0.0,1.3945023,0.71937877,0.0,0.0,0.8359385,0.90763664,0.0,0.0,0.92576814,0.4457684,0.0,0.0,0.933609,0.35366857,0.0,0.0,0.64873785,817.9487,520.18317,676.1172,813.5165,720.0366,0.46539306640625,0.178955078125,0.887451171875,2.691650390625,-6.751556396484375,1.1962890625,1.0,1.0,4.0,2.0,1.0,100.0,,326,LHC,Male,Yes,Right
43,2022-11-02 19:22:13.152,0.86193913,0.0,0.0,1.668809,0.5677955,0.0,0.0,1.0551066,0.66413707,0.0,0.0,1.1221037,0.52110016,0.0,0.0,0.72302073,0.27122727,0.0,0.0,0.29876655,840.10986,762.74725,755.89746,854.61536,880.0,0.48773193359375,0.18731689453125,0.88006591796875,3.566436767578125,-6.542205810546875,0.276641845703125,1.0,1.0,4.0,2.0,1.0,100.0,,326,LHC,Male,Yes,Right
44,2022-11-02 19:22:13.211,,,,,,,,,,,,,,,,,,,,,,,,,,,,,,,,,,,,,,/muse/elements/blink,326,LHC,Male,Yes,Right
45,2022-11-02 19:22:14.169,0.7129925,0.0,0.0,1.7594479,0.23227619,0.0,0.0,0.88464206,0.26752836,0.0,0.0,0.82962686,0.566443,0.0,0.0,0.71546394,0.17124496,0.0,0.0,0.24841532,807.47253,648.71796,747.03296,792.1612,720.0366,0.5093994140625,0.166748046875,0.85833740234375,3.2598876953125,-5.06927490234375,0.695343017578125,1.0,1.0,2.0,2.0,1.0,100.0,,326,LHC,Male,Yes,Right
46,2022-11-02 19:22:15.195,0.7129925,0.0,0.0,1.7594479,0.23227619,0.0,0.0,0.88464206,0.26752836,0.0,0.0,0.82962686,0.566443,0.0,0.0,0.71546394,0.17124496,0.0,0.0,0.24841532,826.8132,809.89014,885.2381,850.58606,831.2454,0.5128173828125,0.15350341796875,0.85772705078125,2.9010009765625,-5.824432373046875,-0.55328369140625,1.0,1.0,4.0,2.0,1.0,100.0,,326,LHC,Male,Yes,Right
47,2022-11-02 19:22:16.216,1.0201511,0.0,0.0,1.1449151,0.6126573,0.0,0.0,1.0730661,0.72570825,0.0,0.0,0.7065176,0.7590595,0.0,0.0,0.8201973,0.37535632,0.0,0.0,0.11884764,809.4872,737.3626,786.9231,834.4689,943.663,0.52288818359375,0.1522216796875,0.84783935546875,3.3197021484375,-4.78515625,0.127105712890625,1.0,1.0,4.0,2.0,1.0,100.0,,326,LHC,Male,Yes,Right
48,2022-11-02 19:22:17.234,0.6329951,0.0,0.0,1.1481267,0.6233601,0.0,0.0,1.026156,0.6407929,0.0,0.0,0.7108968,0.514012,0.0,0.0,0.85708463,0.20465332,0.0,0.0,0.08811538,814.7253,838.9011,858.24176,910.2198,676.1172,0.53790283203125,0.1551513671875,0.85546875,2.878570556640625,-4.807586669921875,-0.381317138671875,1.0,1.0,4.0,2.0,1.0,100.0,,326,LHC,Male,Yes,Right
49,2022-11-02 19:22:18.264,0.5803349,0.0,0.0,1.0821111,0.6146626,0.0,0.0,0.88328123,0.77869356,0.0,0.0,0.5667797,0.26855484,0.0,0.0,0.918691,0.18212868,0.0,0.0,-0.004470101,820.3663,672.49084,840.9158,731.7216,620.10986,0.50970458984375,0.1650390625,0.85791015625,2.818756103515625,-3.850555419921875,0.2093505859375,1.0,1.0,4.0,2.0,1.0,100.0,,326,LHC,Male,Yes,Right
50,2022-11-02 19:22:19.288,0.9089483,0.0,0.0,1.0821111,0.6500583,0.0,0.0,0.88328123,0.7482439,0.0,0.0,0.5667797,0.42926344,0.0,0.0,0.918691,0.2834788,0.0,0.0,-0.004470101,819.9634,512.52747,805.05493,739.7802,857.03296,0.5277099609375,0.16693115234375,0.85870361328125,2.1832275390625,-5.166473388671875,-0.022430419921875,1.0,1.0,4.0,2.0,1.0,100.0,,326,LHC,Male,Yes,Right
51,2022-11-02 19:22:20.306,0.8539095,0.0,0.0,1.0821111,0.2201619,0.0,0.0,0.88328123,0.3022189,0.0,0.0,0.5667797,0.3741465,0.0,0.0,0.918691,0.15506043,0.0,0.0,-0.004470101,810.696,626.1539,747.4359,861.06226,764.7619,0.50897216796875,0.1649169921875,0.86236572265625,2.27294921875,-4.47113037109375,-0.9271240234375,1.0,1.0,4.0,2.0,1.0,100.0,,326,LHC,Male,Yes,Right
52,2022-11-02 19:22:21.329,0.41726774,0.0,0.0,1.0821111,0.16427022,0.0,0.0,0.88328123,0.40340808,0.0,0.0,0.5667797,0.43390396,0.0,0.0,0.918691,0.32059914,0.0,0.0,-0.004470101,815.12823,753.47986,847.76556,814.3223,619.304,0.5343017578125,0.16851806640625,0.8543701171875,3.96270751953125,-5.345916748046875,0.889739990234375,1.0,1.0,2.0,2.0,1.0,100.0,,326,LHC,Male,Yes,Right
53,2022-11-02 19:22:22.372,0.4736388,0.0,0.0,0.82823247,0.41719395,0.0,0.0,0.16985416,0.44052014,0.0,0.0,-0.02068382,0.44842994,0.0,0.0,0.6584085,0.2692245,0.0,0.0,0.19770011,809.4872,778.0586,865.89746,834.0659,709.9634,0.5238037109375,0.15924072265625,0.85296630859375,2.930908203125,-4.74029541015625,0.291595458984375,1.0,1.0,4.0,2.0,1.0,100.0,,326,LHC,Male,Yes,Right
54,2022-11-02 19:22:23.407,0.46774858,0.0,0.0,0.7700702,0.1309341,0.0,0.0,0.30459177,0.4497412,0.0,0.0,0.4292179,0.3798998,0.0,0.0,0.5873696,0.18655811,0.0,0.0,0.16390002,777.6557,659.19415,743.8095,753.8828,868.315,0.53741455078125,0.16143798828125,0.85546875,2.773895263671875,0.3289794921875,1.712188720703125,1.0,1.0,4.0,2.0,1.0,100.0,,326,LHC,Male,Yes,Right
55,2022-11-02 19:22:23.616,,,,,,,,,,,,,,,,,,,,,,,,,,,,,,,,,,,,,,/muse/elements/blink,326,LHC,Male,Yes,Right
56,2022-11-02 19:22:24.425,0.25298208,0.0,0.0,0.52059686,-0.13134478,0.0,0.0,0.40371504,0.26603317,0.0,0.0,0.42617774,0.44245517,0.0,0.0,0.4088547,0.20649894,0.0,0.0,0.041653052,808.2784,655.16486,863.0769,890.87915,761.13556,0.52349853515625,0.18609619140625,0.85491943359375,6.6693115234375,-1.383209228515625,3.058013916015625,1.0,1.0,2.0,2.0,1.0,100.0,,326,LHC,Male,Yes,Right
57,2022-11-02 19:22:25.096,,,,,,,,,,,,,,,,,,,,,,,,,,,,,,,,,,,,,,/muse/elements/jaw_clench,326,LHC,Male,Yes,Right
58,2022-11-02 19:22:25.450,0.6851716,0.0,0.0,0.52059686,0.50922614,0.0,0.0,0.40371504,0.49058652,0.0,0.0,0.42617774,0.56361824,0.0,0.0,0.4088547,0.4120428,0.0,0.0,0.041653052,796.99634,210.32967,643.8828,462.96704,819.9634,0.52008056640625,0.17657470703125,0.8553466796875,4.089813232421875,-4.209442138671875,1.18133544921875,1.0,1.0,4.0,2.0,1.0,100.0,,326,LHC,Male,Yes,Right
59,2022-11-02 19:22:26.459,0.53778404,0.0,0.0,0.52059686,0.3514288,0.0,0.0,0.40371504,0.47626108,0.0,0.0,0.42617774,0.53204024,0.0,0.0,0.4088547,0.4331964,0.0,0.0,0.041653052,795.78754,601.5751,773.6264,821.978,737.76556,0.518798828125,0.1661376953125,0.85400390625,2.295379638671875,-4.0673828125,-0.545806884765625,1.0,1.0,4.0,2.0,1.0,100.0,,326,LHC,Male,Yes,Right
60,2022-11-02 19:22:27.490,0.1789892,0.0,0.0,0.52059686,0.26713148,0.0,0.0,0.40371504,0.26180017,0.0,0.0,0.42617774,0.43982273,0.0,0.0,0.4088547,0.35309708,0.0,0.0,0.041653052,807.8755,716.0073,871.13556,673.2967,730.9158,0.52978515625,0.1766357421875,0.85406494140625,2.803802490234375,-3.4991455078125,-0.052337646484375,1.0,1.0,4.0,2.0,1.0,100.0,,326,LHC,Male,Yes,Right
61,2022-11-02 19:22:28.501,0.32611138,0.0,0.0,0.52059686,0.23243766,0.0,0.0,0.40371504,0.28499338,0.0,0.0,0.42617774,0.2771656,0.0,0.0,0.4088547,0.34573257,0.0,0.0,0.041653052,825.2015,730.10986,824.7985,716.4103,729.707,0.52752685546875,0.18304443359375,0.85162353515625,3.03558349609375,-3.701019287109375,-0.777587890625,1.0,1.0,4.0,2.0,1.0,100.0,,326,LHC,Male,Yes,Right
62,2022-11-02 19:22:29.514,0.6111168,0.0,0.0,0.52059686,0.12445154,0.0,0.0,0.40371504,0.20884514,0.0,0.0,0.42617774,0.3160517,0.0,0.0,0.4088547,0.1830564,0.0,0.0,0.041653052,807.0696,606.4103,754.2857,723.663,779.67035,0.53289794921875,0.17877197265625,0.8580322265625,3.730926513671875,-6.68426513671875,1.323394775390625,1.0,1.0,4.0,2.0,1.0,100.0,,326,LHC,Male,Yes,Right
63,2022-11-02 19:22:30.544,0.32087982,0.0,0.0,0.52059686,0.0850089,0.0,0.0,0.40371504,0.568231,0.0,0.0,0.42617774,0.4301729,0.0,0.0,0.4088547,0.111391895,0.0,0.0,0.041653052,816.7399,787.72894,836.08057,754.2857,706.337,0.51507568359375,0.18731689453125,0.854248046875,5.211334228515625,-3.551483154296875,1.1065673828125,1.0,1.0,2.0,2.0,1.0,100.0,,326,LHC,Male,Yes,Right
64,2022-11-02 19:22:31.581,0.28192437,0.0,0.0,0.52059686,0.5077183,0.0,0.0,0.40371504,0.584274,0.0,0.0,0.42617774,0.39413542,0.0,0.0,0.4088547,0.40135565,0.0,0.0,0.041653052,803.8461,700.696,881.2088,770.80585,741.79486,0.5213623046875,0.1807861328125,0.85076904296875,3.147735595703125,-4.97955322265625,0.142059326171875,1.0,1.0,4.0,2.0,1.0,100.0,,326,LHC,Male,Yes,Right
65,2022-11-02 19:22:31.668,,,,,,,,,,,,,,,,,,,,,,,,,,,,,,,,,,,,,,/muse/elements/jaw_clench,326,LHC,Male,Yes,Right
66,2022-11-02 19:22:32.601,0.36458394,0.0,0.0,0.7689047,0.1821075,0.0,0.0,0.47759524,0.25002232,0.0,0.0,0.43216702,0.504515,0.0,0.0,0.33056417,0.41663548,0.0,0.0,0.3431502,829.2308,660.80585,863.8828,812.3077,868.315,0.52239990234375,0.1739501953125,0.85137939453125,1.7645263671875,-4.65057373046875,-1.2261962890625,1.0,1.0,4.0,2.0,1.0,100.0,,326,LHC,Male,Yes,Right
67,2022-11-02 19:22:33.618,0.75041276,0.0,0.0,0.7891969,0.2661731,0.0,0.0,0.49121425,0.2347574,0.0,0.0,0.3638483,0.5073823,0.0,0.0,0.303267,0.25191605,0.0,0.0,0.3766965,857.8388,1050.8425,947.6923,885.64105,1018.60803,0.52789306640625,0.1873779296875,0.8470458984375,2.4224853515625,-4.0673828125,-0.082244873046875,1.0,1.0,4.0,2.0,1.0,100.0,,326,LHC,Male,Yes,Right
68,2022-11-02 19:22:34.637,0.87844306,0.0,0.0,0.7891969,0.38439,0.0,0.0,0.49121425,0.22612174,0.0,0.0,0.3638483,0.43982238,0.0,0.0,0.303267,0.118489325,0.0,0.0,0.3766965,823.9927,1050.4396,938.4249,811.0989,946.4835,0.52520751953125,0.1951904296875,0.84161376953125,2.983245849609375,-4.373931884765625,-0.657958984375,1.0,1.0,4.0,2.0,1.0,100.0,,326,LHC,Male,Yes,Right
69,2022-11-02 19:22:35.643,1.1329752,0.0,0.0,0.7891969,0.22781666,0.0,0.0,0.49121425,0.4179238,0.0,0.0,0.3638483,0.32275376,0.0,0.0,0.303267,-0.0051941234,0.0,0.0,0.3766965,826.0073,581.02563,839.707,801.02563,808.68134,0.5185546875,0.17718505859375,0.8465576171875,6.32537841796875,-4.942169189453125,2.983245849609375,1.0,1.0,4.0,2.0,1.0,100.0,,326,LHC,Male,Yes,Right
70,2022-11-02 19:22:36.655,0.8124561,0.0,0.0,0.48371363,0.2009518,0.0,0.0,0.5313898,0.42969143,0.0,0.0,0.42199498,0.41384593,0.0,0.0,0.57858986,-0.01323103,0.0,0.0,0.20465186,813.5165,587.47253,746.63007,781.685,786.9231,0.5350341796875,0.19219970703125,0.84912109375,3.050537109375,-4.007568359375,0.8074951171875,1.0,1.0,4.0,2.0,1.0,100.0,,326,LHC,Male,Yes,Right
71,2022-11-02 19:22:37.662,0.10113692,0.0,0.0,0.56654525,-0.1868461,0.0,0.0,0.4358368,0.39356193,0.0,0.0,0.4720642,0.35225517,0.0,0.0,0.5282901,0.08746245,0.0,0.0,0.32494748,822.381,728.0952,810.293,794.9817,630.18317,0.533935546875,0.2071533203125,0.8447265625,1.74957275390625,-5.51788330078125,-1.188812255859375,1.0,1.0,4.0,2.0,1.0,100.0,,326,LHC,Male,Yes,Right
72,2022-11-02 19:22:38.672,0.15764835,0.0,0.0,0.5282383,-0.2491325,0.0,0.0,0.3252969,0.3363745,0.0,0.0,0.28197417,0.4179076,0.0,0.0,0.50818896,0.19780563,0.0,0.0,0.3178303,808.2784,679.34064,849.3773,772.8205,730.9158,0.54315185546875,0.19012451171875,0.83331298828125,1.734619140625,-4.284210205078125,-0.79254150390625,1.0,1.0,4.0,2.0,1.0,100.0,,326,LHC,Male,Yes,Right
73,2022-11-02 19:22:39.705,0.27187762,0.0,0.0,0.35467175,0.23529492,0.0,0.0,0.1810898,0.23275845,0.0,0.0,0.20200367,0.45897573,0.0,0.0,0.42518878,0.17697804,0.0,0.0,0.31441823,864.2857,258.27838,676.1172,877.98535,922.71063,0.5399169921875,0.191650390625,0.8377685546875,2.40753173828125,-5.749664306640625,-0.560760498046875,1.0,1.0,4.0,2.0,1.0,100.0,,326,LHC,Male,Yes,Right
74,2022-11-02 19:22:39.711,,,,,,,,,,,,,,,,,,,,,,,,,,,,,,,,,,,,,,/muse/elements/blink,326,LHC,Male,Yes,Right
75,2022-11-02 19:22:40.725,0.25814128,0.0,0.0,0.4799149,0.36992487,0.0,0.0,0.23467106,0.11773874,0.0,0.0,-0.2958123,0.2753412,0.0,0.0,0.45230153,0.21469301,0.0,0.0,0.33682528,807.47253,709.15753,805.05493,770.40295,890.07324,0.54925537109375,0.17938232421875,0.833984375,3.820648193359375,-4.97955322265625,1.173858642578125,1.0,1.0,4.0,2.0,1.0,100.0,,326,LHC,Male,Yes,Right
76,2022-11-02 19:22:41.744,0.14385049,0.0,0.0,0.72497094,-0.07445552,0.0,0.0,0.60265476,0.44091672,0.0,0.0,0.51310664,0.47719485,0.0,0.0,0.5604796,-0.04304658,0.0,0.0,0.4458105,819.15753,768.7912,906.99634,793.7729,712.7839,0.5606689453125,0.1895751953125,0.83111572265625,3.18511962890625,-4.62066650390625,0.70281982421875,1.0,1.0,4.0,2.0,1.0,100.0,,326,LHC,Male,Yes,Right
77,2022-11-02 19:22:42.775,0.37049362,0.0,0.0,0.87163335,0.09177744,0.0,0.0,0.5247737,0.50651586,0.0,0.0,0.3792871,0.43322498,0.0,0.0,0.5332244,0.086172275,0.0,0.0,0.35084665,797.3993,491.17215,757.50916,788.93774,823.5897,0.5550537109375,0.19110107421875,0.83251953125,3.222503662109375,-3.93280029296875,0.299072265625,1.0,1.0,4.0,2.0,1.0,100.0,,326,LHC,Male,Yes,Right
78,2022-11-02 19:22:43.792,0.6281994,0.0,0.0,1.0624865,0.2646591,0.0,0.0,0.7862347,0.73847556,0.0,0.0,1.0364214,0.56190795,0.0,0.0,0.67345816,0.3059218,0.0,0.0,0.24131098,791.3553,82.60073,469.81686,755.89746,914.65204,0.50592041015625,0.205322265625,0.86328125,3.177642822265625,-5.62255859375,-0.31402587890625,1.0,1.0,4.0,2.0,1.0,100.0,,326,LHC,Male,Yes,Right
79,2022-11-02 19:22:44.822,1.2044376,0.0,0.0,1.124142,0.7770111,0.0,0.0,0.81483316,0.98080206,0.0,0.0,1.0062237,0.6159127,0.0,0.0,0.69988596,0.39310324,0.0,0.0,0.24092898,787.326,444.0293,601.1722,666.04395,521.39197,0.50921630859375,0.18634033203125,0.8529052734375,2.691650390625,-5.06927490234375,-0.037384033203125,1.0,1.0,4.0,2.0,1.0,100.0,,326,LHC,Male,Yes,Right
80,2022-11-02 19:22:45.844,1.0923209,0.0,0.0,1.1796353,0.9287755,0.0,0.0,0.83468443,0.9477639,0.0,0.0,0.9899282,0.31818426,0.0,0.0,0.7212697,0.4216458,0.0,0.0,0.21992466,808.2784,450.07327,745.42126,774.83514,857.4359,0.52667236328125,0.185302734375,0.8485107421875,3.431854248046875,-3.970184326171875,0.426177978515625,1.0,1.0,4.0,2.0,1.0,100.0,,326,LHC,Male,Yes,Right
81,2022-11-02 19:22:46.856,-0.21974714,0.0,0.0,1.1796353,-0.30955872,0.0,0.0,0.83468443,0.43234146,0.0,0.0,0.9899282,0.25256994,0.0,0.0,0.7212697,0.10809746,0.0,0.0,0.21992466,809.89014,588.2784,832.4542,788.1319,761.53845,0.52880859375,0.19281005859375,0.855712890625,3.57391357421875,-5.659942626953125,0.620574951171875,1.0,1.0,4.0,2.0,1.0,100.0,,326,LHC,Male,Yes,Right
82,2022-11-02 19:22:47.880,-0.10816914,0.0,0.0,1.1796353,0.055898037,0.0,0.0,0.83468443,0.44715154,0.0,0.0,0.9899282,0.3775359,0.0,0.0,0.7212697,0.04136181,0.0,0.0,0.21992466,820.7692,571.3553,736.1539,766.77655,860.2564,0.52410888671875,0.1878662109375,0.8485107421875,2.818756103515625,-4.598236083984375,-0.73272705078125,1.0,1.0,4.0,2.0,1.0,100.0,,326,LHC,Male,Yes,Right
83,2022-11-02 19:22:48.903,0.25864583,0.0,0.0,0.72376657,0.16212015,0.0,0.0,0.5328751,0.011925448,0.0,0.0,0.09644845,0.293528,0.0,0.0,0.4118899,0.03265104,0.0,0.0,0.40840292,827.619,852.6007,901.75824,773.22345,724.87177,0.51910400390625,0.19415283203125,0.85125732421875,2.415008544921875,-1.45050048828125,0.142059326171875,1.0,1.0,4.0,2.0,1.0,100.0,,326,LHC,Male,Yes,Right
84,2022-11-02 19:22:49.916,0.84874576,0.0,0.0,1.1732494,0.54314655,0.0,0.0,0.98193073,0.7471056,0.0,0.0,0.83811563,0.4990203,0.0,0.0,0.48029748,0.32219848,0.0,0.0,0.30418208,815.9341,849.7802,873.95605,764.7619,728.0952,0.52294921875,0.1912841796875,0.85009765625,1.80938720703125,-4.11224365234375,0.04486083984375,1.0,1.0,4.0,2.0,1.0,100.0,,326,LHC,Male,Yes,Right
85,2022-11-02 19:22:50.950,0.9332432,0.0,0.0,1.3888016,0.7893278,0.0,0.0,1.1876401,0.9419775,0.0,0.0,0.83811563,0.47600886,0.0,0.0,0.5323637,0.4026316,0.0,0.0,0.17187402,791.75824,145.45787,562.0879,746.63007,989.19415,0.15972900390625,0.04486083984375,0.97344970703125,-10.250701904296877,12.69561767578125,5.1739501953125,1.0,1.0,4.0,2.0,1.0,100.0,,326,LHC,Male,Yes,Right
86,2022-11-02 19:22:51.521,,,,,,,,,,,,,,,,,,,,,,,,,,,,,,,,,,,,,,/muse/elements/blink,326,LHC,Male,Yes,Right
87,2022-11-02 19:22:51.984,1.0719439,0.0,0.0,1.3888016,0.9630797,0.0,0.0,1.1876401,0.76037496,0.0,0.0,0.83811563,0.4800742,0.0,0.0,0.5323637,0.4152945,0.0,0.0,0.17187402,809.89014,587.0696,698.2784,736.55676,743.00366,0.32525634765625,0.11993408203125,0.9403076171875,5.719757080078125,-6.033782958984375,9.607696533203123,1.0,1.0,4.0,2.0,1.0,100.0,,326,LHC,Male,Yes,Right
88,2022-11-02 19:22:52.503,,,,,,,,,,,,,,,,,,,,,,,,,,,,,,,,,,,,,,/muse/elements/blink,326,LHC,Male,Yes,Right
89,2022-11-02 19:22:53.000,1.2546262,0.0,0.0,1.3888016,1.0810035,0.0,0.0,1.1876401,0.60218203,0.0,0.0,0.83811563,0.5922962,0.0,0.0,0.5323637,0.52412874,0.0,0.0,0.17187402,783.2967,550.0,872.74725,816.337,799.011,0.2821044921875,0.22930908203125,0.88580322265625,-9.607696533203123,37.42889404296875,19.746246337890625,1.0,1.0,4.0,2.0,1.0,100.0,,326,LHC,Male,Yes,Right
