,Unnamed: 0,TimeStamp,Delta_TP9,Delta_AF7,Delta_AF8,Delta_TP10,Theta_TP9,Theta_AF7,Theta_AF8,Theta_TP10,Alpha_TP9,Alpha_AF7,Alpha_AF8,Alpha_TP10,Beta_TP9,Beta_AF7,Beta_AF8,Beta_TP10,Gamma_TP9,Gamma_AF7,Gamma_AF8,Gamma_TP10,RAW_TP9,RAW_AF7,RAW_AF8,RAW_TP10,AUX_RIGHT,Accelerometer_X,Accelerometer_Y,Accelerometer_Z,Gyro_X,Gyro_Y,Gyro_Z,HeadBandOn,HSI_TP9,HSI_AF7,HSI_AF8,HSI_TP10,Battery,Elements,Participant,Test,Gender,English,Dominance
0,0,03:30.2,,,,,,,,,,,,,,,,,,,,,,,,,,,,,,,,,,,,,,/muse/event/connected Muse-9E89,318,LHC,Male,Yes,Left
1,1,03:30.3,0.50666666,0.0,0.8548391,0.5744673,0.27920994,0.0,0.3112469,0.4571271,0.50123864,0.0,0.5654025,0.8619918,0.47396004,0.0,0.71102494,1.2560773,0.25843093,0.0,0.34894896,0.6422821,891.28204,836.8865,791.3553,827.619,807.47253,-0.259460449,-0.001098633,0.977722168,2.691650391,-7.312316895,2.549591064,1.0,2.0,2.0,1.0,2.0,60.0,,318,LHC,Male,Yes,Left
2,2,03:31.0,,,,,,,,,,,,,,,,,,,,,,,,,,,,,,,,,,,,,,/muse/elements/jaw_clench,318,LHC,Male,Yes,Left
3,3,03:31.3,1.0196673,0.0,0.8548391,0.5744673,0.994765,0.0,0.3112469,0.4571271,1.1365719,0.0,0.5654025,0.8619918,0.8983274,0.0,0.71102494,1.2560773,0.49970418,0.0,0.34894896,0.6422821,837.28937,777.6557,770.40295,808.68134,740.18317,-0.206542969,-0.00061,0.998474121,2.78137207,-6.130981445,0.209350586,1.0,1.0,1.0,1.0,1.0,60.0,,318,LHC,Male,Yes,Left
4,4,03:31.8,,,,,,,,,,,,,,,,,,,,,,,,,,,,,,,,,,,,,,/muse/elements/blink,318,LHC,Male,Yes,Left
5,5,03:32.1,,,,,,,,,,,,,,,,,,,,,,,,,,,,,,,,,,,,,,/muse/elements/blink,318,LHC,Male,Yes,Left
6,6,03:32.3,0.9584386,0.0,0.6761581,1.130893,0.86438173,0.0,0.38308498,0.81073064,1.137787,0.0,0.23277606,1.4282635,0.8662316,0.0,0.72022325,1.2270875,0.4994911,0.0,0.46691728,1.029433,903.7729,626.9597,720.84247,833.2601,820.3663,0.440490723,0.077026367,0.90057373,9.540405273,-33.61572266,-9.338531494,1.0,1.0,1.0,1.0,1.0,60.0,,318,LHC,Male,Yes,Left
7,7,03:32.3,,,,,,,,,,,,,,,,,,,,,,,,,,,,,,,,,,,,,,/muse/elements/blink,318,LHC,Male,Yes,Left
8,8,03:33.3,0.88500005,0.0,0.6761581,1.0302249,0.62228775,0.0,0.38308498,0.7613168,0.94715196,0.0,0.23277606,1.4068435,0.845974,0.0,0.72022325,1.204595,0.5148059,0.0,0.46691728,0.9931787,830.4396,753.0769,732.9304,822.381,656.77655,0.582763672,0.133605957,0.841064453,5.562744141,-7.947845459,1.084136963,1.0,1.0,1.0,1.0,1.0,60.0,,318,LHC,Male,Yes,Left
9,9,03:34.4,0.97723764,0.0,0.6761581,0.9130956,0.6982344,0.0,0.38308498,0.7283631,1.0801848,0.0,0.23277606,1.194483,1.1421397,0.0,0.72022325,1.1434665,0.76953197,0.0,0.46691728,0.88672715,767.1795,690.2198,813.1135,830.4396,979.12085,0.593261719,0.163208008,0.816650391,8.560943604,-7.207641602,2.467346191,1.0,1.0,4.0,1.0,1.0,60.0,,318,LHC,Male,Yes,Left
10,10,03:35.4,0.888566,0.0,0.6761581,0.7345522,0.85675716,0.0,0.38308498,0.67887205,1.110357,0.0,0.23277606,1.1517826,0.9601986,0.0,0.72022325,1.1175475,0.6735711,0.0,0.46691728,0.83544976,772.4176,663.6264,336.4469,839.707,903.36993,0.597595215,0.173156738,0.80670166,4.381408691,-4.628143311,1.338348389,1.0,1.0,1.0,1.0,1.0,60.0,,318,LHC,Male,Yes,Left
11,11,03:36.4,0.652585,0.0,0.6761581,0.41842136,0.5202041,0.0,0.38308498,0.4304384,1.1608418,0.0,0.23277606,1.363812,1.10176,0.0,0.72022325,0.98152876,0.6571972,0.0,0.46691728,0.8456221,788.5348,592.3077,779.2674,842.9304,920.696,0.573547363,0.194519043,0.819519043,3.431854248,6.83380127,0.583190918,1.0,1.0,1.0,1.0,1.0,60.0,,318,LHC,Male,Yes,Left
12,12,03:37.1,,,,,,,,,,,,,,,,,,,,,,,,,,,,,,,,,,,,,,/muse/elements/blink,318,LHC,Male,Yes,Left
13,13,03:37.4,0.7963486,0.0,0.6761581,0.5236191,0.6919582,0.0,0.38308498,0.59445924,1.3014404,0.0,0.23277606,1.3490359,1.2480946,0.0,0.72022325,1.1826347,0.7061939,0.0,0.46691728,0.8990109,747.4359,752.27106,1160.4396,802.23444,798.60803,0.580566406,0.224243164,0.810668945,6.781463623,-6.83380127,-0.231781006,1.0,1.0,1.0,1.0,1.0,60.0,,318,LHC,Male,Yes,Left
14,14,03:37.7,,,,,,,,,,,,,,,,,,,,,,,,,,,,,,,,,,,,,,/muse/elements/jaw_clench,318,LHC,Male,Yes,Left
15,15,03:38.4,0.9354751,0.0,0.6761581,0.50996286,0.95410186,0.0,0.38308498,0.58019245,1.2307093,0.0,0.23277606,1.3306606,1.3177594,0.0,0.72022325,1.1712545,0.6755179,0.0,0.46691728,0.9218271,804.2491,772.4176,828.022,814.7253,848.97437,0.576660156,0.229248047,0.810546875,4.007568359,-4.269256592,2.108459473,1.0,1.0,1.0,1.0,1.0,60.0,,318,LHC,Male,Yes,Left
16,16,03:39.4,0.48706588,0.0,0.6761581,0.50092655,0.87343806,0.0,0.38308498,0.6158116,1.3205115,0.0,0.23277606,1.2769742,1.3555326,0.0,0.72022325,1.0733811,0.6183976,0.0,0.46691728,0.9588517,790.54944,772.01465,798.20514,836.8865,695.8608,0.597106934,0.225219727,0.81048584,2.766418457,-5.233764648,-2.108459473,1.0,1.0,1.0,1.0,1.0,60.0,,318,LHC,Male,Yes,Left
17,17,03:40.3,,,,,,,,,,,,,,,,,,,,,,,,,,,,,,,,,,,,,,/muse/elements/blink,318,LHC,Male,Yes,Left
18,18,03:40.3,,,,,,,,,,,,,,,,,,,,,,,,,,,,,,,,,,,,,,/muse/elements/jaw_clench,318,LHC,Male,Yes,Left
19,19,03:40.5,0.57080823,0.0,0.6761581,0.4900286,0.8033955,0.0,0.38308498,0.6673362,1.2797538,0.0,0.23277606,1.1152102,1.2421362,0.0,0.72022325,1.0537136,0.5779279,0.0,0.46691728,0.88095737,840.9158,793.7729,794.57874,837.28937,694.2491,0.52947998,0.240905762,0.832641602,2.392578125,-6.751556396,4.172058105,1.0,1.0,1.0,1.0,1.0,60.0,,318,LHC,Male,Yes,Left
20,20,03:40.5,,,,,,,,,,,,,,,,,,,,,,,,,,,,,,,,,,,,,,/muse/elements/jaw_clench,318,LHC,Male,Yes,Left
21,21,03:41.5,0.3183678,0.0,0.6761581,0.20991895,0.7240203,0.0,0.38308498,0.54584044,1.0191317,0.0,0.23277606,0.80093384,0.9838292,0.0,0.72022325,1.0139279,0.6607656,0.0,0.46691728,0.88870984,790.14655,743.00366,782.0879,824.7985,929.15753,0.505065918,0.255004883,0.861816406,2.579498291,-5.869293213,0.680389404,1.0,1.0,1.0,1.0,1.0,55.0,,318,LHC,Male,Yes,Left
22,22,03:41.5,,,,,,,,,,,,,,,,,,,,,,,,,,,,,,,,,,,,,,/muse/elements/jaw_clench,318,LHC,Male,Yes,Left
23,23,03:41.7,,,,,,,,,,,,,,,,,,,,,,,,,,,,,,,,,,,,,,/muse/elements/jaw_clench,318,LHC,Male,Yes,Left
24,24,03:42.5,,,,,,,,,,,,,,,,,,,,,,,,,,,,,,,,,,,,,,/muse/elements/jaw_clench,318,LHC,Male,Yes,Left
25,25,03:42.5,0.24291305,0.0,0.58252317,0.35493273,0.8390966,0.0,-0.16514392,0.24848616,1.1351563,0.0,0.7258719,1.1246136,0.98754495,0.0,0.72765607,0.8518606,0.7994229,0.0,0.5506754,0.630367,904.9817,857.8388,803.8461,842.1245,883.6264,0.527099609,0.248474121,0.857177734,2.639312744,-4.822540283,-3.177642822,1.0,1.0,1.0,1.0,1.0,55.0,,318,LHC,Male,Yes,Left
26,26,03:43.1,,,,,,,,,,,,,,,,,,,,,,,,,,,,,,,,,,,,,,/muse/elements/jaw_clench,318,LHC,Male,Yes,Left
27,27,03:43.5,0.45974034,0.0,0.4510285,0.5593569,0.6645764,0.0,-0.24528676,0.47430694,1.3646388,0.0,0.63658834,1.4073284,1.0810045,0.0,0.7026748,1.199132,0.72061896,0.0,0.47596478,0.8120778,895.7143,776.4469,815.5311,839.304,892.0879,0.540893555,0.206726074,0.809997559,2.669219971,-4.87487793,-5.061798096,1.0,1.0,4.0,1.0,1.0,55.0,,318,LHC,Male,Yes,Left
28,28,03:44.6,0.5257529,0.0,0.4510285,0.33254364,0.68178076,0.0,-0.24528676,0.22312838,1.3834032,0.0,0.63658834,1.3121018,1.2252022,0.0,0.7026748,1.0847579,0.797023,0.0,0.47596478,0.74394286,935.2015,810.696,813.91943,815.9341,758.71796,0.541748047,0.27331543,0.815002441,7.67868042,-5.323486328,4.344024658,1.0,1.0,1.0,1.0,1.0,55.0,,318,LHC,Male,Yes,Left
29,29,03:44.8,,,,,,,,,,,,,,,,,,,,,,,,,,,,,,,,,,,,,,/muse/elements/jaw_clench,318,LHC,Male,Yes,Left
30,30,03:45.6,0.6070609,0.0,0.4510285,0.21666811,0.6505046,0.0,-0.24528676,0.43937838,1.1160603,0.0,0.63658834,1.1350145,1.13361,0.0,0.7026748,0.93380034,0.715691,0.0,0.47596478,0.6098361,886.8498,819.5604,839.304,826.0073,746.63007,0.558105469,0.241882324,0.825744629,2.504730225,-6.153411865,-0.314025879,1.0,1.0,1.0,1.0,1.0,55.0,,318,LHC,Male,Yes,Left
31,31,03:46.6,0.46693912,0.0,0.4510285,0.5695826,0.5427605,0.0,-0.24528676,0.62343436,1.099373,0.0,0.63658834,0.9973981,1.0755575,0.0,0.7026748,0.96012807,0.6509469,0.0,0.47596478,0.60499895,936.0073,816.7399,832.4542,888.46155,776.04395,0.553527832,0.257446289,0.804504395,2.325286865,-5.60760498,-0.261688232,1.0,1.0,1.0,1.0,1.0,55.0,,318,LHC,Male,Yes,Left
32,32,03:46.7,,,,,,,,,,,,,,,,,,,,,,,,,,,,,,,,,,,,,,/muse/elements/blink,318,LHC,Male,Yes,Left
33,33,03:46.8,,,,,,,,,,,,,,,,,,,,,,,,,,,,,,,,,,,,,,/muse/elements/jaw_clench,318,LHC,Male,Yes,Left
34,34,03:47.6,,,,,,,,,,,,,,,,,,,,,,,,,,,,,,,,,,,,,,/muse/elements/jaw_clench,318,LHC,Male,Yes,Left
35,35,03:47.6,0.041193414,0.0,0.4510285,0.7688765,0.57566375,0.0,-0.24528676,0.73731714,0.9306398,0.0,0.63658834,0.87371963,0.9423998,0.0,0.7026748,1.0294558,0.79280174,0.0,0.47596478,0.5272363,751.06226,863.8828,801.02563,802.23444,688.60803,0.540100098,0.223083496,0.817932129,-5.345916748,-6.168365479,-3.050537109,1.0,1.0,1.0,1.0,1.0,55.0,,318,LHC,Male,Yes,Left
36,36,03:47.9,,,,,,,,,,,,,,,,,,,,,,,,,,,,,,,,,,,,,,/muse/elements/jaw_clench,318,LHC,Male,Yes,Left
37,37,03:48.1,,,,,,,,,,,,,,,,,,,,,,,,,,,,,,,,,,,,,,/muse/elements/jaw_clench,318,LHC,Male,Yes,Left
38,38,03:48.4,,,,,,,,,,,,,,,,,,,,,,,,,,,,,,,,,,,,,,/muse/elements/blink,318,LHC,Male,Yes,Left
39,39,03:48.6,0.776547,0.0,0.4510285,0.69804734,0.6275566,0.0,-0.24528676,0.4964718,0.850794,0.0,0.63658834,0.97974473,1.1164805,0.0,0.7026748,0.9310611,0.77451944,0.0,0.47596478,0.50871766,790.9524,777.25275,807.47253,801.4286,748.24176,0.588317871,0.244262695,0.802429199,3.162689209,-1.682281494,-0.209350586,1.0,1.0,1.0,1.0,1.0,55.0,,318,LHC,Male,Yes,Left
40,40,03:48.9,,,,,,,,,,,,,,,,,,,,,,,,,,,,,,,,,,,,,,/muse/elements/jaw_clench,318,LHC,Male,Yes,Left
41,41,03:49.1,,,,,,,,,,,,,,,,,,,,,,,,,,,,,,,,,,,,,,/muse/elements/jaw_clench,318,LHC,Male,Yes,Left
42,42,03:49.3,,,,,,,,,,,,,,,,,,,,,,,,,,,,,,,,,,,,,,/muse/elements/jaw_clench,318,LHC,Male,Yes,Left
43,43,03:49.5,,,,,,,,,,,,,,,,,,,,,,,,,,,,,,,,,,,,,,/muse/elements/blink,318,LHC,Male,Yes,Left
44,44,03:49.6,0.776547,0.0,0.4510285,0.69804734,0.6275566,0.0,-0.24528676,0.4964718,0.850794,0.0,0.63658834,0.97974473,1.1164805,0.0,0.7026748,0.9310611,0.77451944,0.0,0.47596478,0.50871766,776.04395,927.1429,984.7619,831.6484,932.7839,-0.201416016,-0.08782959,0.972839355,4.987030029,22.10891724,9.966583252,1.0,1.0,1.0,1.0,1.0,55.0,,318,LHC,Male,Yes,Left
45,45,03:49.9,,,,,,,,,,,,,,,,,,,,,,,,,,,,,,,,,,,,,,/muse/elements/jaw_clench,318,LHC,Male,Yes,Left
