,Unnamed: 0,TimeStamp,Delta_TP9,Delta_AF7,Delta_AF8,Delta_TP10,Theta_TP9,Theta_AF7,Theta_AF8,Theta_TP10,Alpha_TP9,Alpha_AF7,Alpha_AF8,Alpha_TP10,Beta_TP9,Beta_AF7,Beta_AF8,Beta_TP10,Gamma_TP9,Gamma_AF7,Gamma_AF8,Gamma_TP10,RAW_TP9,RAW_AF7,RAW_AF8,RAW_TP10,AUX_RIGHT,Accelerometer_X,Accelerometer_Y,Accelerometer_Z,Gyro_X,Gyro_Y,Gyro_Z,HeadBandOn,HSI_TP9,HSI_AF7,HSI_AF8,HSI_TP10,Battery,Elements,Participant,Test,Gender,English,Dominance
0,0,2022-11-01 15:58:37.581,,,,,,,,,,,,,,,,,,,,,,,,,,,,,,,,,,,,,,/muse/event/connected Muse-9E89,313,LHC,Male,No,Right
1,1,2022-11-01 15:58:38.549,,,,,,,,,,,,,,,,,,,,,,,,,,,,,,,,,,,,,,/muse/elements/blink,313,LHC,Male,No,Right
2,2,2022-11-01 15:58:38.582,0.8271323349809083,0.0,0.0,1.161710490468561,0.8054655083126674,0.0,0.0,0.9514931666076932,0.6684440941095501,0.0,0.0,0.5164309490933003,0.8150956607384938,0.0,0.0,1.064836395725822,0.7109236962889516,0.0,0.0,0.4633606461988095,786.9230769230769,726.886446886447,854.6153846153846,784.5054945054945,633.4065934065934,0.17865,0.198792,0.965637,-2.609406,-3.22998,-4.994507,1.0,1.0,4.0,2.0,1.0,50.0,,313,LHC,Male,No,Right
3,3,2022-11-01 15:58:39.582,0.8271323349809083,0.0,0.0,1.161710490468561,0.8054655083126674,0.0,0.0,0.9514931666076932,0.6684440941095501,0.0,0.0,0.5164309490933003,0.8150956607384938,0.0,0.0,1.064836395725822,0.7109236962889516,0.0,0.0,0.4633606461988095,795.7875457875458,726.0805860805862,758.3150183150184,775.2380952380953,658.7912087912088,0.220337,0.167419,0.97168,3.74588,-2.818756,6.071167,1.0,1.0,4.0,2.0,1.0,50.0,,313,LHC,Male,No,Right
4,4,2022-11-01 15:58:40.584,0.8271323349809083,0.0,0.0,1.161710490468561,0.8054655083126674,0.0,0.0,0.9514931666076932,0.6684440941095501,0.0,0.0,0.5164309490933003,0.8150956607384938,0.0,0.0,1.064836395725822,0.7109236962889516,0.0,0.0,0.4633606461988095,778.0586080586081,1001.282051282051,873.1501831501831,761.941391941392,604.7985347985348,0.228088,0.183167,0.964111,0.927124,-3.813171,3.379517,1.0,1.0,4.0,2.0,1.0,50.0,,313,LHC,Male,No,Right
5,5,2022-11-01 15:58:41.582,1.142291700143851,0.0,0.0,1.183162897570806,0.9783456561595502,0.0,0.0,1.021905824899752,1.032564294426615,0.0,0.0,0.789933413136385,0.9680248858129272,0.0,0.0,0.9457445423646892,0.4429004950109063,0.0,0.0,0.8161700287435918,796.996336996337,936.007326007326,908.2051282051282,792.5641025641025,761.5384615384615,0.213623,0.193481,0.966614,0.717773,-1.861725,2.13089,1.0,1.0,4.0,2.0,1.0,50.0,,313,LHC,Male,No,Right
6,6,2022-11-01 15:58:42.582,1.082884850904945,0.0,0.0,1.189993073636985,0.9144081797082234,0.0,0.0,1.025016161540841,1.076593517641298,0.0,0.0,0.8376552845177,0.9701323415091352,0.0,0.0,0.9448980460755724,0.6380250765122057,0.0,0.0,0.7659986720989426,758.7179487179487,651.5384615384615,874.7619047619048,753.4798534798535,886.8498168498169,0.199036,0.193787,0.964111,1.226196,-4.867401,1.420593,1.0,1.0,4.0,2.0,1.0,50.0,,313,LHC,Male,No,Right
7,7,2022-11-01 15:58:43.415,,,,,,,,,,,,,,,,,,,,,,,,,,,,,,,,,,,,,,/muse/elements/blink,313,LHC,Male,No,Right
8,8,2022-11-01 15:58:43.586,1.246210757251395,0.0,0.0,1.15167111542264,0.9173962616329654,0.0,0.0,0.9830470902811146,1.129313649333801,0.0,0.0,0.8234606160630427,0.7662708708066056,0.0,0.0,0.9695763525827018,0.6907558889421878,0.0,0.0,0.7317484560035871,830.4395604395604,666.4468864468864,815.934065934066,825.6043956043957,700.2930402930403,0.206543,0.199219,0.970703,0.104675,-3.469238,1.256104,1.0,1.0,4.0,2.0,1.0,50.0,,313,LHC,Male,No,Right
9,9,2022-11-01 15:58:44.593,1.283671255133134,0.0,0.0,1.15167111542264,1.050103693636016,0.0,0.0,0.9830470902811146,1.086364303494652,0.0,0.0,0.8234606160630427,0.6493867490364693,0.0,0.0,0.9695763525827018,0.6958322370174421,0.0,0.0,0.7317484560035871,777.6556776556777,886.4468864468864,906.5934065934066,814.3223443223443,656.7765567765568,0.206177,0.198425,0.964905,0.710297,-2.863617,0.792542,1.0,1.0,4.0,2.0,1.0,50.0,,313,LHC,Male,No,Right
10,10,2022-11-01 15:58:45.582,0.6316022999281082,0.0,0.0,1.15167111542264,0.5273604830750309,0.0,0.0,0.9830470902811146,0.5345275801987109,0.0,0.0,0.8234606160630427,0.8964711059318807,0.0,0.0,0.9695763525827018,0.8304409646118066,0.0,0.0,0.7317484560035871,816.7399267399268,792.5641025641025,830.0366300366301,808.6813186813187,724.4688644688645,0.20343,0.189514,0.962463,-0.620575,-2.953339,1.293488,1.0,1.0,4.0,2.0,1.0,50.0,,313,LHC,Male,No,Right
11,11,2022-11-01 15:58:46.582,0.341726646386465,0.0,0.0,1.371437485800674,0.6769557863504048,0.0,0.0,0.9212411417459028,0.5165535980937597,0.0,0.0,1.116408123693843,0.922266064638412,0.0,0.0,0.916205122692749,0.895931019450592,0.0,0.0,0.4072673376880339,844.945054945055,1200.732600732601,994.029304029304,859.047619047619,628.974358974359,0.195129,0.197327,0.97345,-1.203766,-4.710388,-0.792542,1.0,1.0,4.0,2.0,1.0,55.0,,313,LHC,Male,No,Right
12,12,2022-11-01 15:58:47.060,,,,,,,,,,,,,,,,,,,,,,,,,,,,,,,,,,,,,,/muse/elements/blink,313,LHC,Male,No,Right
13,13,2022-11-01 15:58:47.582,0.341726646386465,0.0,0.0,1.447595464351181,0.6769557863504048,0.0,0.0,0.9896109369770448,0.5165535980937597,0.0,0.0,1.116408123693843,0.922266064638412,0.0,0.0,0.9498625259142354,0.895931019450592,0.0,0.0,0.2398561636428904,791.7582417582418,909.0109890109892,933.1868131868132,784.9084249084249,637.8388278388279,0.208069,0.166199,0.979309,-4.411316,-0.657959,1.555176,1.0,1.0,4.0,2.0,1.0,55.0,,313,LHC,Male,No,Right
14,14,2022-11-01 15:58:48.582,0.341726646386465,0.0,0.0,1.447595464351181,0.6769557863504048,0.0,0.0,0.9896109369770448,0.5165535980937597,0.0,0.0,1.116408123693843,0.922266064638412,0.0,0.0,0.9498625259142354,0.895931019450592,0.0,0.0,0.2398561636428904,771.6117216117216,524.6153846153846,737.7655677655678,792.5641025641025,601.5750915750916,0.191406,0.161682,0.951355,2.302856,-1.07666,0.500946,1.0,1.0,4.0,2.0,1.0,55.0,,313,LHC,Male,No,Right
15,15,2022-11-01 15:58:49.582,0.341726646386465,0.0,0.0,1.447595464351181,0.6769557863504048,0.0,0.0,0.9896109369770448,0.5165535980937597,0.0,0.0,1.116408123693843,0.922266064638412,0.0,0.0,0.9498625259142354,0.895931019450592,0.0,0.0,0.2398561636428904,688.6080586080586,1028.278388278388,969.8534798534798,632.1978021978022,743.4065934065934,0.17395,0.174866,0.967285,-1.084137,-3.39447,-5.196381,1.0,2.0,4.0,2.0,2.0,55.0,,313,LHC,Male,No,Right
16,16,2022-11-01 15:58:49.830,,,,,,,,,,,,,,,,,,,,,,,,,,,,,,,,,,,,,,/muse/elements/blink,313,LHC,Male,No,Right
17,17,2022-11-01 15:58:50.302,,,,,,,,,,,,,,,,,,,,,,,,,,,,,,,,,,,,,,/muse/elements/blink,313,LHC,Male,No,Right
18,18,2022-11-01 15:58:50.582,0.341726646386465,0.0,0.0,1.447595464351181,0.6769557863504048,0.0,0.0,0.9896109369770448,0.5165535980937597,0.0,0.0,1.116408123693843,0.922266064638412,0.0,0.0,0.9498625259142354,0.895931019450592,0.0,0.0,0.2398561636428904,772.014652014652,865.4945054945056,883.6263736263736,753.4798534798535,613.2600732600732,0.172974,0.14624,0.966919,3.177643,-0.291595,15.155487,1.0,2.0,4.0,2.0,2.0,55.0,,313,LHC,Male,No,Right
19,19,2022-11-01 15:58:51.158,,,,,,,,,,,,,,,,,,,,,,,,,,,,,,,,,,,,,,/muse/elements/blink,313,LHC,Male,No,Right
20,20,2022-11-01 15:58:51.520,,,,,,,,,,,,,,,,,,,,,,,,,,,,,,,,,,,,,,/muse/elements/blink,313,LHC,Male,No,Right
21,21,2022-11-01 15:58:51.583,0.341726646386465,0.0,0.0,1.447595464351181,0.6769557863504048,0.0,0.0,0.9896109369770448,0.5165535980937597,0.0,0.0,1.116408123693843,0.922266064638412,0.0,0.0,0.9498625259142354,0.895931019450592,0.0,0.0,0.2398561636428904,942.4542124542124,842.9304029304029,877.5824175824176,943.2600732600732,805.054945054945,0.230957,0.168579,0.97583,1.188812,-2.998199,3.125305,1.0,2.0,4.0,2.0,2.0,55.0,,313,LHC,Male,No,Right
22,22,2022-11-01 15:58:52.036,,,,,,,,,,,,,,,,,,,,,,,,,,,,,,,,,,,,,,/muse/elements/blink,313,LHC,Male,No,Right
23,23,2022-11-01 15:58:52.582,0.341726646386465,0.0,0.0,1.447595464351181,0.6769557863504048,0.0,0.0,0.9896109369770448,0.5165535980937597,0.0,0.0,1.116408123693843,0.922266064638412,0.0,0.0,0.9498625259142354,0.895931019450592,0.0,0.0,0.2398561636428904,811.5018315018315,1068.974358974359,965.4212454212454,822.7838827838829,724.8717948717949,0.204407,0.18042,0.969055,-0.643005,-2.444916,0.209351,1.0,2.0,4.0,2.0,2.0,55.0,,313,LHC,Male,No,Right
24,24,2022-11-01 15:58:53.582,0.341726646386465,0.0,0.0,1.447595464351181,0.6769557863504048,0.0,0.0,0.9896109369770448,0.5165535980937597,0.0,0.0,1.116408123693843,0.922266064638412,0.0,0.0,0.9498625259142354,0.895931019450592,0.0,0.0,0.2398561636428904,834.0659340659341,520.989010989011,778.8644688644689,826.8131868131868,805.054945054945,0.182617,0.207642,0.995911,6.654358,-7.902985,2.145844,1.0,2.0,4.0,2.0,2.0,55.0,,313,LHC,Male,No,Right
25,25,2022-11-01 15:58:54.582,0.341726646386465,0.0,0.0,1.447595464351181,0.6769557863504048,0.0,0.0,0.9896109369770448,0.5165535980937597,0.0,0.0,1.116408123693843,0.922266064638412,0.0,0.0,0.9498625259142354,0.895931019450592,0.0,0.0,0.2398561636428904,743.0036630036631,516.1538461538462,679.3406593406594,717.6190476190476,806.6666666666667,0.205017,0.174988,0.969543,1.764526,-2.355194,1.300964,1.0,2.0,4.0,2.0,2.0,55.0,,313,LHC,Male,No,Right
26,26,2022-11-01 15:58:54.711,,,,,,,,,,,,,,,,,,,,,,,,,,,,,,,,,,,,,,/muse/elements/blink,313,LHC,Male,No,Right
27,27,2022-11-01 15:58:55.586,0.341726646386465,0.0,0.0,1.447595464351181,0.6769557863504048,0.0,0.0,0.9896109369770448,0.5165535980937597,0.0,0.0,1.116408123693843,0.922266064638412,0.0,0.0,0.9498625259142354,0.895931019450592,0.0,0.0,0.2398561636428904,787.7289377289378,986.3736263736264,925.934065934066,772.4175824175825,628.974358974359,0.205078,0.169495,0.967468,-0.418701,-1.502838,0.822449,1.0,2.0,4.0,2.0,2.0,55.0,,313,LHC,Male,No,Right
28,28,2022-11-01 15:58:56.582,0.7807723714771124,0.0,0.0,0.6365137770425652,0.7994783087667453,0.0,0.0,1.00785493616846,0.5101172224766112,0.0,0.0,0.5412710564640023,0.948239148512114,0.0,0.0,0.5974904301772214,0.4362547263830653,0.0,0.0,0.6294165919484199,780.4761904761905,542.3443223443223,751.8681318681319,772.014652014652,744.6153846153846,0.203552,0.169312,0.984192,1.607513,-3.588867,1.682281,1.0,1.0,4.0,2.0,1.0,55.0,,313,LHC,Male,No,Right
29,29,2022-11-01 15:58:57.582,0.7807723714771124,0.0,0.0,0.6365137770425652,0.7994783087667453,0.0,0.0,1.00785493616846,0.5101172224766112,0.0,0.0,0.5412710564640023,0.948239148512114,0.0,0.0,0.5974904301772214,0.4362547263830653,0.0,0.0,0.6294165919484199,577.8021978021978,654.7619047619048,732.5274725274726,592.7106227106227,735.7509157509157,0.233704,0.171631,0.975037,-0.0,-3.005676,1.495361,1.0,1.0,4.0,2.0,1.0,55.0,,313,LHC,Male,No,Right
30,30,2022-11-01 15:58:57.759,,,,,,,,,,,,,,,,,,,,,,,,,,,,,,,,,,,,,,/muse/elements/blink,313,LHC,Male,No,Right
31,31,2022-11-01 15:58:58.582,0.7807723714771124,0.0,0.0,0.6365137770425652,0.7994783087667453,0.0,0.0,1.00785493616846,0.5101172224766112,0.0,0.0,0.5412710564640023,0.948239148512114,0.0,0.0,0.5974904301772214,0.4362547263830653,0.0,0.0,0.6294165919484199,789.3406593406594,955.7509157509156,913.4432234432236,821.5750915750916,653.5531135531136,0.231445,0.171875,0.973999,1.532745,-2.930908,1.94397,1.0,1.0,4.0,2.0,1.0,55.0,,313,LHC,Male,No,Right
32,32,2022-11-01 15:58:59.582,0.4780985707517078,0.0,0.0,0.6365137770425652,0.2182248878878066,0.0,0.0,1.00785493616846,0.5228590088284781,0.0,0.0,0.5412710564640023,0.6673528182993292,0.0,0.0,0.5974904301772214,0.7693508026541865,0.0,0.0,0.6294165919484199,795.3846153846154,805.054945054945,845.7509157509157,784.5054945054945,663.6263736263736,0.229675,0.168579,0.964417,0.553284,-4.269257,0.979462,1.0,2.0,4.0,2.0,2.0,55.0,,313,LHC,Male,No,Right
33,33,2022-11-01 15:59:00.582,0.552315650810446,0.0,0.0,0.7087456609021267,0.203605752309391,0.0,0.0,0.469543195330025,0.6334483642063701,0.0,0.0,0.6886629764317731,0.7606831258708079,0.0,0.0,0.77358502006013,0.6322943419328283,0.0,0.0,0.6380116186132275,812.7106227106227,637.8388278388279,773.6263736263736,793.7728937728938,642.2710622710623,0.220215,0.163696,0.971802,-0.037384,-3.37204,0.800018,1.0,1.0,4.0,2.0,1.0,55.0,,313,LHC,Male,No,Right
34,34,2022-11-01 15:59:01.582,0.6156815426516403,0.0,0.0,0.7397832545820281,0.1884773165323579,0.0,0.0,0.2696761644409021,0.6114681527240997,0.0,0.0,0.5461534667508278,0.8374614036022384,0.0,0.0,0.7572733179075647,0.4309035582117522,0.0,0.0,0.5330730013591237,815.1282051282052,933.992673992674,924.7252747252747,799.4139194139194,618.4981684981685,0.231506,0.156006,0.965576,-0.605621,-0.88974,0.336456,1.0,1.0,4.0,2.0,1.0,55.0,,313,LHC,Male,No,Right
35,35,2022-11-01 15:59:02.583,1.054950655867149,0.0,0.0,0.7397832545820281,0.7895603644440874,0.0,0.0,0.2696761644409021,0.7919581958518139,0.0,0.0,0.5461534667508278,0.6355288437798078,0.0,0.0,0.7572733179075647,0.5280684327339003,0.0,0.0,0.5330730013591237,821.978021978022,786.1172161172161,852.6007326007326,828.4249084249085,704.7252747252747,0.222839,0.174316,0.976074,2.743988,-5.682373,4.000092,1.0,1.0,4.0,2.0,1.0,55.0,,313,LHC,Male,No,Right
36,36,2022-11-01 15:59:03.582,0.5693384990444392,0.0,0.0,0.8240205483266578,0.5702014156723968,0.0,0.0,0.6479109621630811,0.74977723449882,0.0,0.0,0.9054890550629836,0.5679929078195344,0.0,0.0,0.7142186765224838,0.6966486605958255,0.0,0.0,0.5706794980303518,796.996336996337,693.8461538461538,769.5970695970697,802.2344322344322,732.5274725274726,0.244019,0.170105,0.964661,-0.545807,-3.439331,0.16449,1.0,1.0,4.0,2.0,1.0,55.0,,313,LHC,Male,No,Right
37,37,2022-11-01 15:59:04.582,0.7320445826192524,0.0,0.0,0.8220214078553074,0.5746631828970519,0.0,0.0,0.8220083851239998,0.5906006972377514,0.0,0.0,0.9507685175547944,0.6343677079033572,0.0,0.0,0.6970909699596491,0.7707961431238215,0.0,0.0,0.6389340128029943,804.2490842490843,899.3406593406594,894.908424908425,784.5054945054945,572.5641025641025,0.222656,0.152527,0.982605,2.078552,-2.474823,2.250519,1.0,1.0,4.0,2.0,1.0,55.0,,313,LHC,Male,No,Right
38,38,2022-11-01 15:59:05.582,0.7032474334420297,0.0,0.0,0.846682708634364,0.6120757670718523,0.0,0.0,0.9026312750434982,0.5870018570601725,0.0,0.0,0.920000431694872,0.6661928491908508,0.0,0.0,0.6822297535209005,0.7691829135800479,0.0,0.0,0.6261342961085501,767.985347985348,210.3296703296703,600.3663003663004,764.3589743589744,898.1318681318681,0.231262,0.161926,0.971497,0.56076,-3.117828,2.542114,1.0,1.0,4.0,2.0,1.0,55.0,,313,LHC,Male,No,Right
39,39,2022-11-01 15:59:06.587,0.7032474334420297,0.0,0.0,0.846682708634364,0.6120757670718523,0.0,0.0,0.9026312750434982,0.5870018570601725,0.0,0.0,0.920000431694872,0.6661928491908508,0.0,0.0,0.6822297535209005,0.7691829135800479,0.0,0.0,0.6261342961085501,846.5567765567765,630.5860805860806,698.2783882783883,850.1831501831502,648.7179487179487,0.241699,0.20575,0.979797,3.446808,-4.456177,4.044952,1.0,2.0,4.0,2.0,2.0,55.0,,313,LHC,Male,No,Right
40,40,2022-11-01 15:59:07.581,0.7032474334420297,0.0,0.0,0.846682708634364,0.6120757670718523,0.0,0.0,0.9026312750434982,0.5870018570601725,0.0,0.0,0.920000431694872,0.6661928491908508,0.0,0.0,0.6822297535209005,0.7691829135800479,0.0,0.0,0.6261342961085501,796.1904761904763,838.4981684981685,890.8791208791209,793.3699633699634,693.040293040293,0.171204,0.166199,0.969543,1.106567,0.942078,4.015045,1.0,2.0,4.0,2.0,2.0,50.0,,313,LHC,Male,No,Right
41,41,2022-11-01 15:59:08.584,0.7032474334420297,0.0,0.0,0.846682708634364,0.6120757670718523,0.0,0.0,0.9026312750434982,0.5870018570601725,0.0,0.0,0.920000431694872,0.6661928491908508,0.0,0.0,0.6822297535209005,0.7691829135800479,0.0,0.0,0.6261342961085501,824.7985347985348,798.2051282051282,814.3223443223443,808.2783882783883,773.2234432234433,0.236145,0.177856,0.977661,0.508423,-3.087921,-1.136475,1.0,2.0,4.0,2.0,2.0,50.0,,313,LHC,Male,No,Right
42,42,2022-11-01 15:59:09.582,0.7032474334420297,0.0,0.0,0.846682708634364,0.6120757670718523,0.0,0.0,0.9026312750434982,0.5870018570601725,0.0,0.0,0.920000431694872,0.6661928491908508,0.0,0.0,0.6822297535209005,0.7691829135800479,0.0,0.0,0.6261342961085501,753.4798534798535,631.7948717948718,724.4688644688645,710.3663003663004,951.7216117216118,0.188416,0.168091,0.986755,1.607513,-1.936493,1.435547,1.0,2.0,4.0,2.0,2.0,50.0,,313,LHC,Male,No,Right
43,43,2022-11-01 15:59:09.610,,,,,,,,,,,,,,,,,,,,,,,,,,,,,,,,,,,,,,/muse/elements/blink,313,LHC,Male,No,Right
44,44,2022-11-01 15:59:10.125,,,,,,,,,,,,,,,,,,,,,,,,,,,,,,,,,,,,,,/muse/elements/blink,313,LHC,Male,No,Right
45,45,2022-11-01 15:59:10.590,0.7032474334420297,0.0,0.0,0.846682708634364,0.6120757670718523,0.0,0.0,0.9026312750434982,0.5870018570601725,0.0,0.0,0.920000431694872,0.6661928491908508,0.0,0.0,0.6822297535209005,0.7691829135800479,0.0,0.0,0.6261342961085501,400.5128205128205,728.901098901099,794.5787545787546,340.8791208791209,578.6080586080586,0.009155,0.14563,0.969421,-1.315918,0.874786,-5.659943,1.0,2.0,4.0,2.0,2.0,50.0,,313,LHC,Male,No,Right
46,46,2022-11-01 15:59:10.934,,,,,,,,,,,,,,,,,,,,,,,,,,,,,,,,,,,,,,/muse/elements/blink,313,LHC,Male,No,Right
