,Unnamed: 0,TimeStamp,Delta_TP9,Delta_AF7,Delta_AF8,Delta_TP10,Theta_TP9,Theta_AF7,Theta_AF8,Theta_TP10,Alpha_TP9,Alpha_AF7,Alpha_AF8,Alpha_TP10,Beta_TP9,Beta_AF7,Beta_AF8,Beta_TP10,Gamma_TP9,Gamma_AF7,Gamma_AF8,Gamma_TP10,RAW_TP9,RAW_AF7,RAW_AF8,RAW_TP10,AUX_RIGHT,Accelerometer_X,Accelerometer_Y,Accelerometer_Z,Gyro_X,Gyro_Y,Gyro_Z,HeadBandOn,HSI_TP9,HSI_AF7,HSI_AF8,HSI_TP10,Battery,Elements,Participant,Test,Gender,English,Dominance
0,0,2022-11-01 15:22:01.981,,,,,,,,,,,,,,,,,,,,,,,,,,,,,,,,,,,,,,/muse/event/connected Muse-9E89,310,LHS,Male,No,Right
1,1,2022-11-01 15:22:02.983,1.382599048799005,0.5319843653104266,0.9019650608028272,1.543493459429572,1.730811888839423,-0.0133133226178256,0.8146770062310382,1.221914432400227,0.9639166342046538,0.0992184203074199,0.4779217817388934,1.043555148496,0.9014619798375944,0.1525926476826409,0.2552492795208356,1.136018089643832,0.5894228970318799,-0.2077215721682273,0.0395541712102295,0.8450063152026236,939.2307692307692,774.0293040293041,792.967032967033,848.1684981684982,1003.699633699634,0.496033,0.312744,0.831909,4.052429,-3.304749,3.334656,1.0,2.0,1.0,1.0,2.0,65.0,,310,LHS,Male,No,Right
2,2,2022-11-01 15:22:03.982,1.382599048799005,0.1445537896234548,0.9922494789824104,1.543493459429572,1.730811888839423,-0.1041613250357106,0.3879695869796492,1.221914432400227,0.9639166342046538,0.1832887052066441,0.4008407882829328,1.043555148496,0.9014619798375944,0.0850695878360413,0.3993449576940299,1.136018089643832,0.5894228970318799,-0.1536766409801759,0.1841697093640819,0.8450063152026236,810.6959706959707,778.4615384615385,792.1611721611722,847.7655677655678,716.8131868131868,0.491455,0.289734,0.832581,2.534637,-5.988922,-0.336456,1.0,2.0,1.0,1.0,2.0,65.0,,310,LHS,Male,No,Right
3,3,2022-11-01 15:22:04.986,1.382599048799005,-0.0617034862727933,0.6166876769393201,1.543493459429572,1.730811888839423,-0.2320704370187773,0.3130758672096957,1.221914432400227,0.9639166342046538,0.1662015482611066,0.3236439806378962,1.043555148496,0.9014619798375944,-7.582395412372119e-05,0.4121422096995461,1.136018089643832,0.5894228970318799,-0.2515756502545764,0.1103971741076978,0.8450063152026236,753.0769230769231,779.6703296703297,784.1025641025641,815.5311355311355,686.5934065934066,0.569092,0.264771,0.831665,-1.226196,-11.648865,-6.093597,1.0,2.0,1.0,1.0,2.0,65.0,,310,LHS,Male,No,Right
4,4,2022-11-01 15:22:05.571,,,,,,,,,,,,,,,,,,,,,,,,,,,,,,,,,,,,,,/muse/elements/blink,310,LHS,Male,No,Right
5,5,2022-11-01 15:22:05.986,1.382599048799005,0.1010960279817224,0.4152279391872011,1.543493459429572,1.730811888839423,0.1563997264888142,0.1003203247984672,1.221914432400227,0.9639166342046538,0.1908057182156774,0.3759717096853404,1.043555148496,0.9014619798375944,-0.0207851820138567,0.352564939637775,1.136018089643832,0.5894228970318799,-0.4359843073516715,0.0965326129753883,0.8450063152026236,821.1721611721612,782.4908424908425,794.5787545787546,880.4029304029305,734.1391941391942,0.462585,0.299622,0.866211,-3.222504,-7.364655,-9.929199,1.0,2.0,1.0,1.0,2.0,65.0,,310,LHS,Male,No,Right
6,6,2022-11-01 15:22:06.982,1.382599048799005,0.535248217939936,0.4254145008063864,1.543493459429572,1.730811888839423,0.3213951986473345,0.2605384191763745,1.221914432400227,0.9639166342046538,0.212132881330785,0.295264521459311,1.043555148496,0.9014619798375944,-0.1444132452040858,0.3494371030160991,1.136018089643832,0.5894228970318799,-0.167100555189337,0.2222038021780562,0.8450063152026236,776.8498168498169,782.893772893773,790.5494505494506,800.2197802197802,652.3443223443223,0.497192,0.271057,0.874878,-4.321594,-7.402039,-11.088104,1.0,2.0,1.0,1.0,2.0,65.0,,310,LHS,Male,No,Right
7,7,2022-11-01 15:22:07.982,1.382599048799005,0.5529152827437632,0.4933184731480364,1.543493459429572,1.730811888839423,-0.0107251787149763,0.2665650047425045,1.221914432400227,0.9639166342046538,0.075523583454818,0.1539499079316564,1.043555148496,0.9014619798375944,-0.0249727217707563,0.2091711662345198,1.136018089643832,0.5894228970318799,-0.1749902598569639,0.0821155377061502,0.8450063152026236,824.7985347985348,796.1904761904763,795.7875457875458,815.5311355311355,640.6593406593407,0.44458,0.319824,0.889282,2.213135,-10.497437,0.194397,1.0,2.0,1.0,1.0,2.0,60.0,,310,LHS,Male,No,Right
8,8,2022-11-01 15:22:08.236,,,,,,,,,,,,,,,,,,,,,,,,,,,,,,,,,,,,,,/muse/elements/blink,310,LHS,Male,No,Right
9,9,2022-11-01 15:22:08.993,1.382599048799005,0.7780406450589042,0.4919312943841893,1.543493459429572,1.730811888839423,0.1293200303834129,0.193903749969168,1.221914432400227,0.9639166342046538,0.3612867116543178,0.0099393137931778,1.043555148496,0.9014619798375944,-0.0495275519124782,0.2354693568515017,1.136018089643832,0.5894228970318799,-0.2083763573547397,0.1077444777706318,0.8450063152026236,840.5128205128206,785.3113553113553,786.1172161172161,798.6080586080586,770.0,0.50824,0.286194,0.835083,5.278625,-2.736511,5.024414,1.0,2.0,1.0,1.0,2.0,60.0,,310,LHS,Male,No,Right
10,10,2022-11-01 15:22:09.981,1.382599048799005,0.4348306302913355,0.4168489518251773,1.509579635566674,1.730811888839423,0.0683768463672916,0.279514769246291,1.40627502767669,0.9639166342046538,0.3036269129888889,0.4050640126646595,1.099811939534701,0.9014619798375944,0.0559306802412204,0.4721397032833867,1.107356311482654,0.5894228970318799,-0.3210057160311392,-0.0290518263297705,0.7997093868368342,815.5311355311355,783.2967032967033,793.3699633699634,822.3809523809524,759.1208791208792,0.443604,0.304321,0.861267,3.715973,-7.387085,-2.586975,1.0,1.0,1.0,1.0,1.0,60.0,,310,LHS,Male,No,Right
11,11,2022-11-01 15:22:10.982,1.382599048799005,0.1509287996397233,0.6165790977098191,1.607526577979726,1.730811888839423,-0.0782632426307027,-0.0195789099304093,1.379834541360611,0.9639166342046538,0.2190953126737159,0.2250662626355246,1.189411541659586,0.9014619798375944,-0.1318162633860616,0.3396109247591579,0.9516349807025274,0.5894228970318799,-0.2344367064071795,-0.0129324837583693,0.6865855778769389,821.5750915750916,782.4908424908425,797.3992673992674,806.2637362637363,661.6117216117216,0.474243,0.309021,0.845886,5.129089,-8.463745,-4.321594,1.0,1.0,1.0,1.0,1.0,60.0,,310,LHS,Male,No,Right
12,12,2022-11-01 15:22:11.982,1.382599048799005,0.129056371234508,0.8527591666017766,1.723651669961451,1.730811888839423,-0.3520162438871258,0.2277581942436102,1.196166749098826,0.9639166342046538,0.2278158505705487,0.2128929498914014,1.079618465567832,0.9014619798375944,-0.13827534769525,0.2631416096410912,0.8808499798304351,0.5894228970318799,-0.0982504039736543,0.1312480801806032,0.582973165539637,797.8021978021978,776.4468864468864,803.8461538461539,807.0695970695971,682.1611721611722,0.492676,0.293091,0.825378,3.028107,-2.938385,-0.934601,1.0,1.0,1.0,1.0,1.0,60.0,,310,LHS,Male,No,Right
13,13,2022-11-01 15:22:12.982,1.382599048799005,0.0934752577726809,0.5241904719249082,1.723651669961451,1.730811888839423,-0.2383381854616827,-0.0493165703805429,1.196166749098826,0.9639166342046538,-0.0336650660406503,0.0627515863465329,1.079618465567832,0.9014619798375944,-0.1213448835534924,0.2883672309443067,0.8808499798304351,0.5894228970318799,-0.1877053059227553,0.2872976320438818,0.582973165539637,764.3589743589744,780.8791208791209,804.2490842490843,795.7875457875458,625.3479853479854,0.461487,0.298462,0.84967,4.792633,-4.015045,2.863617,1.0,1.0,1.0,1.0,1.0,60.0,,310,LHS,Male,No,Right
14,14,2022-11-01 15:22:13.984,1.382599048799005,0.1498769298041151,0.2871136221708416,1.723651669961451,1.730811888839423,-0.1335753873364714,0.0448241415757456,1.196166749098826,0.9639166342046538,-0.0295066766229858,0.2373351142567418,1.079618465567832,0.9014619798375944,-0.1316239283610258,0.3176635628015695,0.8808499798304351,0.5894228970318799,-0.1406283258307192,0.2960990340988884,0.582973165539637,919.89010989011,791.3553113553114,800.6227106227107,828.4249084249085,714.3956043956044,0.501038,0.289368,0.843933,0.276642,-9.428253,-6.781464,1.0,2.0,1.0,1.0,2.0,60.0,,310,LHS,Male,No,Right
15,15,2022-11-01 15:22:14.981,1.382599048799005,0.3993030225839317,0.5095671925565429,1.723651669961451,1.730811888839423,0.1720639305695499,0.1896906908056982,1.196166749098826,0.9639166342046538,0.1798799138952716,0.31096816721073,1.079618465567832,0.9014619798375944,-0.0436923445174721,0.34324259666664,0.8808499798304351,0.5894228970318799,-0.1571763712957572,0.1079849432111096,0.582973165539637,824.7985347985348,780.4761904761905,793.7728937728938,813.919413919414,817.948717948718,0.508423,0.285889,0.825134,6.781464,-1.390686,4.560852,1.0,2.0,1.0,1.0,2.0,60.0,,310,LHS,Male,No,Right
16,16,2022-11-01 15:22:15.982,1.453351085475368,0.2333051420773721,0.8263877194063592,1.723651669961451,1.063224081137994,0.0602407254228423,0.3898653526642783,1.196166749098826,1.114572681579263,0.1303988700587596,0.5597095539362016,1.079618465567832,1.430817224093614,-0.0297358122639677,0.4878345202912062,0.8808499798304351,1.417175386924629,-0.140002334874917,0.0488746178090343,0.582973165539637,811.0989010989011,785.7142857142858,794.1758241758242,795.7875457875458,633.0036630036631,0.528503,0.284485,0.837158,0.478516,-12.546082,-6.302948,1.0,1.0,1.0,1.0,1.0,60.0,,310,LHS,Male,No,Right
