,Unnamed: 0,TimeStamp,Delta_TP9,Delta_AF7,Delta_AF8,Delta_TP10,Theta_TP9,Theta_AF7,Theta_AF8,Theta_TP10,Alpha_TP9,Alpha_AF7,Alpha_AF8,Alpha_TP10,Beta_TP9,Beta_AF7,Beta_AF8,Beta_TP10,Gamma_TP9,Gamma_AF7,Gamma_AF8,Gamma_TP10,RAW_TP9,RAW_AF7,RAW_AF8,RAW_TP10,AUX_RIGHT,Accelerometer_X,Accelerometer_Y,Accelerometer_Z,Gyro_X,Gyro_Y,Gyro_Z,HeadBandOn,HSI_TP9,HSI_AF7,HSI_AF8,HSI_TP10,Battery,Elements,Participant,Test,Gender,English,Dominance
0,0,2022-11-01 21:48:52.307,,,,,,,,,,,,,,,,,,,,,,,,,,,,,,,,,,,,,,/muse/event/connected Muse-9E89,316,LHS,Female,Yes,Right
1,1,2022-11-01 21:48:52.330,0.5809517,1.0066222,0.94279057,0.25242627,0.34596342,0.6120447,0.8454624,0.27309743,0.70264184,0.48446476,0.7571418,0.4978686,0.8240874,0.43407086,0.85917836,0.3942925,0.7989721,0.16787775,0.40317404,-0.042674396,853.8095,767.1795,809.89014,865.89746,775.2381,0.0611572265625,0.142822265625,1.0113525390625,3.102874755859375,-4.015045166015625,6.220703125,1.0,2.0,1.0,1.0,2.0,65.0,,316,LHS,Female,Yes,Right
2,2,2022-11-01 21:48:52.611,,,,,,,,,,,,,,,,,,,,,,,,,,,,,,,,,,,,,,/muse/elements/blink,316,LHS,Female,Yes,Right
3,3,2022-11-01 21:48:53.365,0.5809517,1.0066222,0.94279057,0.25242627,0.34596342,0.6120447,0.8454624,0.27309743,0.70264184,0.48446476,0.7571418,0.4978686,0.8240874,0.43407086,0.85917836,0.3942925,0.7989721,0.16787775,0.40317404,-0.042674396,788.93774,773.22345,802.6374,830.84247,703.5165,0.09967041015625,0.146484375,0.996826171875,2.489776611328125,-6.078643798828125,-1.36077880859375,1.0,2.0,1.0,1.0,2.0,60.0,,316,LHS,Female,Yes,Right
4,4,2022-11-01 21:48:54.252,,,,,,,,,,,,,,,,,,,,,,,,,,,,,,,,,,,,,,/muse/elements/blink,316,LHS,Female,Yes,Right
5,5,2022-11-01 21:48:54.391,0.5809517,1.0066222,0.67468214,0.25242627,0.34596342,0.6120447,0.42144096,0.27309743,0.70264184,0.48446476,0.3257393,0.4978686,0.8240874,0.43407086,0.23722532,0.3942925,0.7989721,0.16787775,0.23262353,-0.042674396,817.9487,756.30035,804.65204,838.9011,905.78754,0.1131591796875,0.15081787109375,0.99951171875,2.175750732421875,-5.091705322265625,-0.299072265625,1.0,2.0,1.0,1.0,2.0,60.0,,316,LHS,Female,Yes,Right
6,6,2022-11-01 21:48:55.416,0.5809517,1.0066222,0.7415291,0.25242627,0.34596342,0.6120447,0.4457358,0.27309743,0.70264184,0.48446476,0.19696972,0.4978686,0.8240874,0.43407086,0.24880914,0.3942925,0.7989721,0.16787775,0.24009387,-0.042674396,751.8681,757.50916,814.3223,754.68866,668.0586,0.1275634765625,0.1346435546875,1.00177001953125,2.10845947265625,-5.4730224609375,-0.635528564453125,1.0,2.0,1.0,1.0,2.0,60.0,,316,LHS,Female,Yes,Right
7,7,2022-11-01 21:48:56.270,,,,,,,,,,,,,,,,,,,,,,,,,,,,,,,,,,,,,,/muse/elements/blink,316,LHS,Female,Yes,Right
8,8,2022-11-01 21:48:56.436,0.029699918,1.0066222,0.24569786,0.12736638,0.3827166,0.6120447,-0.021123366,0.3497084,0.61500293,0.48446476,0.45612144,0.9581391,0.7363527,0.43407086,0.529329,0.56049824,0.5848135,0.16787775,0.080371,0.5840277,786.52014,780.4762,828.8278,788.93774,707.9487,0.1383056640625,0.1387939453125,1.00018310546875,1.054229736328125,-4.8748779296875,-0.83740234375,1.0,1.0,1.0,1.0,1.0,60.0,,316,LHS,Female,Yes,Right
9,9,2022-11-01 21:48:57.449,-0.10598922,1.0066222,0.2454681,0.032917533,0.35667974,0.6120447,-0.042036448,0.45772,0.51939577,0.48446476,0.42479149,0.9581391,0.7378924,0.43407086,0.53194314,0.63781416,0.46807927,0.16787775,0.09198828,0.5698871,761.13556,775.2381,838.9011,759.92676,787.326,0.120849609375,0.1324462890625,1.00067138671875,1.60003662109375,-3.03558349609375,-0.201873779296875,1.0,1.0,1.0,1.0,1.0,60.0,,316,LHS,Female,Yes,Right
10,10,2022-11-01 21:48:58.420,,,,,,,,,,,,,,,,,,,,,,,,,,,,,,,,,,,,,,/muse/elements/blink,316,LHS,Female,Yes,Right
11,11,2022-11-01 21:48:58.489,-0.10598922,1.0066222,0.2454681,0.032917533,0.35667974,0.6120447,-0.042036448,0.45772,0.51939577,0.48446476,0.42479149,0.9581391,0.7378924,0.43407086,0.53194314,0.63781416,0.46807927,0.16787775,0.09198828,0.5698871,757.9121,771.2088,790.9524,756.30035,699.0842,0.11517333984375,0.13018798828125,1.00982666015625,1.039276123046875,-2.968292236328125,-1.256103515625,1.0,1.0,1.0,1.0,1.0,60.0,,316,LHS,Female,Yes,Right
12,12,2022-11-01 21:48:59.499,-0.10598922,1.0066222,0.2454681,0.032917533,0.35667974,0.6120447,-0.042036448,0.45772,0.51939577,0.48446476,0.42479149,0.9581391,0.7378924,0.43407086,0.53194314,0.63781416,0.46807927,0.16787775,0.09198828,0.5698871,769.59705,727.6923,838.9011,751.06226,958.1685,0.11572265625,0.12811279296875,1.0030517578125,2.8411865234375,-4.47113037109375,0.560760498046875,1.0,2.0,1.0,1.0,2.0,60.0,,316,LHS,Female,Yes,Right
13,13,2022-11-01 21:48:59.737,,,,,,,,,,,,,,,,,,,,,,,,,,,,,,,,,,,,,,/muse/elements/blink,316,LHS,Female,Yes,Right
14,14,2022-11-01 21:49:00.513,-0.10598922,1.0066222,0.2454681,0.032917533,0.35667974,0.6120447,-0.042036448,0.45772,0.51939577,0.48446476,0.42479149,0.9581391,0.7378924,0.43407086,0.53194314,0.63781416,0.46807927,0.16787775,0.09198828,0.5698871,904.57874,784.10254,788.93774,873.5531,848.5714,0.13134765625,0.1351318359375,0.99737548828125,3.058013916015625,-4.942169189453125,-0.5084228515625,1.0,2.0,1.0,1.0,2.0,60.0,,316,LHS,Female,Yes,Right
15,15,2022-11-01 21:49:01.288,,,,,,,,,,,,,,,,,,,,,,,,,,,,,,,,,,,,,,/muse/elements/blink,316,LHS,Female,Yes,Right
16,16,2022-11-01 21:49:01.532,1.3822831,1.0066222,0.8778034,0.89138997,1.2665796,0.6120447,0.71998173,0.9224385,1.3873541,0.48446476,0.7402929,1.2010343,0.90505046,0.43407086,0.24613766,0.94694376,0.74105203,0.16787775,0.039260764,0.51512253,863.0769,804.65204,810.293,867.1062,828.4249,0.12799072265625,0.1461181640625,1.0020751953125,2.968292236328125,-5.42816162109375,0.01495361328125,1.0,1.0,1.0,1.0,1.0,60.0,,316,LHS,Female,Yes,Right
17,17,2022-11-01 21:49:02.539,1.6351783,1.0066222,0.8587485,1.0275971,1.4753966,0.6120447,0.7365572,1.0396395,1.497092,0.48446476,0.7272487,1.2010343,1.0597782,0.43407086,0.24469118,1.1065944,0.8389557,0.16787775,0.074115545,0.524078,861.8681,764.35895,795.78754,853.8095,941.2454,0.1348876953125,0.138671875,1.0030517578125,3.760833740234375,-4.35150146484375,0.650482177734375,1.0,1.0,1.0,1.0,1.0,60.0,,316,LHS,Female,Yes,Right
18,18,2022-11-01 21:49:03.097,,,,,,,,,,,,,,,,,,,,,,,,,,,,,,,,,,,,,,/muse/elements/blink,316,LHS,Female,Yes,Right
19,19,2022-11-01 21:49:03.553,1.3262339,0.9209765,0.9067442,1.0275971,1.2097156,0.8312078,0.71657896,1.0396395,1.2143506,1.1706666,0.6475018,1.2010343,1.1175691,0.5590261,0.45210254,1.1065944,0.7379838,0.24383543,0.053576186,0.524078,841.7216,778.46155,794.57874,819.5604,840.5128,0.140869140625,0.13385009765625,1.009521484375,2.99072265625,-3.48419189453125,1.143951416015625,1.0,1.0,1.0,1.0,1.0,60.0,,316,LHS,Female,Yes,Right
20,20,2022-11-01 21:49:04.393,,,,,,,,,,,,,,,,,,,,,,,,,,,,,,,,,,,,,,/muse/elements/blink,316,LHS,Female,Yes,Right
21,21,2022-11-01 21:49:04.560,1.5469365,0.7507727,0.89231664,1.0275971,1.5162477,0.71927226,0.6711328,1.0396395,1.3018531,1.2168717,0.6343434,1.2010343,0.98740774,0.5572076,0.42542875,1.1065944,0.76647145,0.27321136,0.052215,0.524078,848.97437,810.696,809.4872,859.0476,855.0183,0.1505126953125,0.14202880859375,0.99615478515625,4.605712890625,-4.844970703125,0.1495361328125,1.0,1.0,1.0,1.0,1.0,70.0,,316,LHS,Female,Yes,Right
22,22,2022-11-01 21:49:05.593,1.3601629,0.576938,0.89231664,1.0275971,1.28409,0.5096574,0.6711328,1.0396395,1.2493454,0.64864504,0.6343434,1.2010343,0.9789573,0.45139274,0.42542875,1.1065944,0.75548136,0.30903104,0.052215,0.524078,847.3626,778.0586,799.011,844.5421,1047.2161,0.13677978515625,0.12957763671875,0.995361328125,1.547698974609375,-4.000091552734375,0.1495361328125,1.0,1.0,1.0,1.0,1.0,70.0,,316,LHS,Female,Yes,Right
23,23,2022-11-01 21:49:06.610,0.94214296,0.37571073,0.8853354,0.9248248,0.5022559,0.43288007,0.27367815,0.6000649,0.73857015,-0.12449093,0.48455966,0.7224176,1.0344265,0.56970215,0.40534964,0.6902037,0.41465467,0.1368579,0.048260294,0.38177705,789.34064,766.77655,787.326,795.38464,931.5751,0.1380615234375,0.12786865234375,1.00030517578125,4.74029541015625,-5.1141357421875,0.0897216796875,1.0,1.0,1.0,1.0,1.0,70.0,,316,LHS,Female,Yes,Right
24,24,2022-11-01 21:49:07.355,,,,,,,,,,,,,,,,,,,,,,,,,,,,,,,,,,,,,,/muse/elements/blink,316,LHS,Female,Yes,Right
25,25,2022-11-01 21:49:07.640,0.68278575,0.57870287,0.83966714,0.6527984,0.58350575,0.6453595,0.27397406,0.61154705,0.7204985,0.6512954,0.29142115,0.676339,0.9536239,0.5554689,0.4106564,0.7528051,0.71776396,0.12202527,-0.09361038,0.3855344,777.25275,772.8205,783.69965,797.3993,709.5604,0.14862060546875,0.12640380859375,0.99346923828125,2.340240478515625,-4.164581298828125,0.800018310546875,1.0,1.0,1.0,1.0,1.0,70.0,,316,LHS,Female,Yes,Right
26,26,2022-11-01 21:49:08.654,0.61446023,0.78176653,0.9612698,0.72391665,0.5191031,0.76299864,0.2666395,0.61985564,0.69744384,0.6512954,0.23093846,0.676339,0.9309588,0.49939194,0.37411147,0.7985983,0.906872,0.16180168,-0.1933343,0.3822516,763.95605,791.3553,800.2198,758.315,751.8681,0.132080078125,0.12237548828125,1.001708984375,4.164581298828125,-4.306640625,1.55517578125,1.0,1.0,1.0,1.0,1.0,70.0,,316,LHS,Female,Yes,Right
27,27,2022-11-01 21:49:09.446,,,,,,,,,,,,,,,,,,,,,,,,,,,,,,,,,,,,,,/muse/elements/blink,316,LHS,Female,Yes,Right
28,28,2022-11-01 21:49:09.668,0.70121664,0.6536658,0.58930594,0.93695056,0.9642766,0.5366758,0.6866404,0.97923476,1.1134799,0.6460583,0.6001313,0.80257475,0.8393239,0.4661136,0.33566564,0.6237907,0.76743966,0.05711616,-0.07392897,0.3611318,772.01465,781.28204,788.5348,755.89746,655.9707,0.13824462890625,0.1326904296875,1.00177001953125,4.134674072265625,-4.78515625,0.620574951171875,1.0,1.0,1.0,1.0,1.0,70.0,,316,LHS,Female,Yes,Right
29,29,2022-11-01 21:49:10.687,0.9079121,0.81801254,1.0007677,1.0663416,1.2066209,0.49935165,0.9541658,1.0960205,1.1111951,0.88233334,0.77136576,0.7683259,0.9225115,0.55513537,0.3705502,0.68554825,0.88012797,0.17025125,-0.044724714,0.34294757,793.36993,808.2784,806.26373,754.2857,666.8498,0.16314697265625,0.114013671875,0.99627685546875,3.4393310546875,-4.11224365234375,-1.592559814453125,1.0,1.0,1.0,1.0,1.0,70.0,,316,LHS,Female,Yes,Right
30,30,2022-11-01 21:49:11.529,,,,,,,,,,,,,,,,,,,,,,,,,,,,,,,,,,,,,,/muse/elements/blink,316,LHS,Female,Yes,Right
31,31,2022-11-01 21:49:11.709,0.8836054,0.6898604,0.74515635,0.9146213,0.5513056,0.10342154,0.14132717,0.7606897,0.592031,0.40231496,0.3373928,0.82260865,0.9224486,0.5932091,0.35521227,0.82921475,0.825257,0.20240279,-0.032118335,0.662473,807.0696,784.5055,796.1905,772.8205,697.47253,0.16741943359375,0.11602783203125,0.99371337890625,3.267364501953125,-4.358978271484375,1.016845703125,1.0,1.0,1.0,1.0,1.0,70.0,,316,LHS,Female,Yes,Right
32,32,2022-11-01 21:49:12.145,,,,,,,,,,,,,,,,,,,,,,,,,,,,,,,,,,,,,,/muse/elements/blink,316,LHS,Female,Yes,Right
33,33,2022-11-01 21:49:12.742,0.71249,0.9887562,0.77342564,0.8733753,0.3234475,0.7701781,0.06343486,0.7075813,0.54804534,0.90401137,0.2558199,0.71511596,0.88252425,0.5444098,0.31633368,0.7626359,0.7151902,0.21312054,-0.1874456,0.6075454,801.8315,769.59705,792.5641,785.31134,1174.5421,0.15966796875,0.12713623046875,0.9971923828125,3.476715087890625,-2.213134765625,1.1065673828125,1.0,1.0,1.0,1.0,1.0,70.0,,316,LHS,Female,Yes,Right
34,34,2022-11-01 21:49:13.469,,,,,,,,,,,,,,,,,,,,,,,,,,,,,,,,,,,,,,/muse/elements/blink,316,LHS,Female,Yes,Right
35,35,2022-11-01 21:49:13.757,0.71249,1.1643376,0.8455426,0.8733753,0.3234475,0.90243757,0.86499846,0.7075813,0.54804534,0.70693415,0.33782697,0.71511596,0.88252425,0.43294415,0.3454043,0.7626359,0.7151902,0.21404178,0.044616602,0.6075454,845.7509,778.0586,786.1172,837.28937,803.0403,0.15069580078125,0.1173095703125,1.0068359375,2.9608154296875,-5.7720947265625,-2.9608154296875,1.0,1.0,1.0,1.0,1.0,70.0,,316,LHS,Female,Yes,Right
36,36,2022-11-01 21:49:14.788,0.71249,0.70175856,0.7858471,0.8733753,0.3234475,0.6523243,0.711535,0.7075813,0.54804534,0.81209123,0.5445714,0.71511596,0.88252425,0.48445845,0.4449261,0.7626359,0.7151902,0.004139866,0.053799067,0.6075454,877.98535,813.1135,812.71063,876.77655,838.0952,0.15679931640625,0.11468505859375,0.99884033203125,2.893524169921875,-3.4393310546875,0.179443359375,1.0,2.0,1.0,1.0,2.0,65.0,,316,LHS,Female,Yes,Right
37,37,2022-11-01 21:49:15.807,0.9846484,0.6140149,0.4037724,1.0435092,0.8040694,0.43530717,0.4385657,0.6512135,1.2960544,0.6371863,0.59328735,0.86075443,1.0226936,0.5989412,0.40757775,0.8881292,0.6260527,-0.0033977616,0.09212818,0.7262011,859.85345,773.6264,823.1868,855.82416,766.3736,0.13671875,0.1241455078125,1.0013427734375,1.487884521484375,-5.555267333984375,0.695343017578125,1.0,1.0,1.0,1.0,1.0,65.0,,316,LHS,Female,Yes,Right
38,38,2022-11-01 21:49:15.978,,,,,,,,,,,,,,,,,,,,,,,,,,,,,,,,,,,,,,/muse/elements/blink,316,LHS,Female,Yes,Right
39,39,2022-11-01 21:49:16.820,0.57340175,0.7959678,0.20410946,0.8685447,0.19325677,0.47956365,0.44368094,0.5120462,0.9559632,0.74699706,0.581403,0.66097176,1.140606,0.68132293,0.4460267,0.80461097,0.72901744,0.066333786,0.0053779846,0.68483317,842.52747,792.1612,802.23444,846.9597,922.3077,0.1607666015625,0.127685546875,0.99188232421875,2.265472412109375,-4.14215087890625,0.800018310546875,1.0,1.0,1.0,1.0,1.0,65.0,,316,LHS,Female,Yes,Right
40,40,2022-11-01 21:49:17.845,0.43677545,0.38452765,-0.08808002,0.8079007,0.30343935,0.35524765,0.036037903,0.14441429,1.0028855,0.73078567,0.4292412,0.9927778,0.7699795,0.58181244,0.29185933,0.55318105,0.885265,0.16096918,0.009425687,0.5454092,873.1502,820.7692,816.7399,850.58606,634.21246,0.1654052734375,0.12896728515625,0.9998779296875,2.788848876953125,-4.643096923828125,1.00189208984375,1.0,1.0,1.0,1.0,1.0,65.0,,316,LHS,Female,Yes,Right
41,41,2022-11-01 21:49:18.860,0.82295597,0.6146909,0.6393978,0.8347104,0.26712984,0.22464564,0.22009669,0.018599512,1.0171329,0.7822276,0.6276596,0.88321763,1.0770817,0.51424825,0.31495002,0.71029836,0.9000086,0.3150536,0.0551995,0.6574143,782.8938,799.011,797.3993,778.86444,819.5604,0.1771240234375,0.1226806640625,0.9913330078125,2.773895263671875,-2.88604736328125,-0.9869384765625,1.0,1.0,1.0,1.0,1.0,65.0,,316,LHS,Female,Yes,Right
42,42,2022-11-01 21:49:19.742,,,,,,,,,,,,,,,,,,,,,,,,,,,,,,,,,,,,,,/muse/elements/blink,316,LHS,Female,Yes,Right
43,43,2022-11-01 21:49:19.885,1.0321401,0.74593204,0.96641386,0.9430299,0.46893522,0.24586056,0.505638,0.27805448,0.8016539,0.39564067,0.7711159,0.9606677,1.1610682,0.5231305,0.41915163,0.89988846,0.7360209,0.37624794,-0.0010034293,0.4343123,768.3883,776.04395,792.5641,759.12085,677.72894,0.17279052734375,0.11346435546875,0.99798583984375,1.502838134765625,-4.32159423828125,-1.263580322265625,1.0,1.0,1.0,1.0,1.0,65.0,,316,LHS,Female,Yes,Right
44,44,2022-11-01 21:49:20.911,0.8062383,0.8427507,0.71973515,0.9430299,0.56279576,0.27967602,0.6281845,0.27805448,0.74218255,0.337555,0.7202344,0.9606677,1.1419554,0.5640809,0.48771355,0.89988846,0.57485676,0.2786229,-0.03540321,0.4343123,733.73627,767.98535,794.9817,734.94507,691.4286,0.17608642578125,0.12969970703125,0.993896484375,3.12530517578125,-5.36834716796875,-1.562652587890625,1.0,1.0,1.0,1.0,1.0,65.0,,316,LHS,Female,Yes,Right
45,45,2022-11-01 21:49:21.020,,,,,,,,,,,,,,,,,,,,,,,,,,,,,,,,,,,,,,/muse/elements/blink,316,LHS,Female,Yes,Right
46,46,2022-11-01 21:49:21.926,0.8062383,0.8427507,1.1060716,0.9430299,0.56279576,0.27967602,1.0564693,0.27805448,0.74218255,0.337555,0.75230426,0.9606677,1.1419554,0.5640809,0.4074993,0.89988846,0.57485676,0.2786229,-0.09893097,0.4343123,785.31134,813.5165,820.3663,787.72894,703.91943,0.17462158203125,0.1353759765625,0.9981689453125,3.9776611328125,-3.357086181640625,1.173858642578125,1.0,1.0,1.0,1.0,1.0,65.0,,316,LHS,Female,Yes,Right
47,47,2022-11-01 21:49:22.939,0.8062383,0.6633228,0.8971355,0.9399759,0.56279576,0.3681325,0.81313,0.82806706,0.74218255,0.74868923,0.81593925,0.9872721,1.1419554,0.6204404,0.31586045,0.9312957,0.57485676,-0.045445852,-0.06497944,0.4871573,749.0476,786.52014,789.7436,756.30035,724.87177,0.1710205078125,0.13067626953125,0.9937744140625,1.742095947265625,-5.211334228515625,-1.86920166015625,1.0,1.0,1.0,1.0,1.0,65.0,,316,LHS,Female,Yes,Right
48,48,2022-11-01 21:49:23.183,,,,,,,,,,,,,,,,,,,,,,,,,,,,,,,,,,,,,,/muse/elements/blink,316,LHS,Female,Yes,Right
49,49,2022-11-01 21:49:23.947,1.0449694,0.44689208,0.6792535,0.8815119,0.41738445,0.25117669,0.40032536,0.82619524,0.89880174,0.69566476,0.40557083,0.9872721,1.267526,0.69200045,0.30808303,0.9370256,0.96838194,-0.053146943,-0.089878894,0.5002212,774.43225,785.7143,795.38464,766.3736,955.34796,0.17620849609375,0.122802734375,0.99468994140625,2.355194091796875,-3.12530517578125,2.654266357421875,1.0,1.0,1.0,1.0,1.0,65.0,,316,LHS,Female,Yes,Right
50,50,2022-11-01 21:49:24.518,,,,,,,,,,,,,,,,,,,,,,,,,,,,,,,,,,,,,,/muse/elements/blink,316,LHS,Female,Yes,Right
51,51,2022-11-01 21:49:24.971,1.3819135,0.54460627,0.66887164,0.78230363,1.48684,0.7665173,0.427905,0.782193,1.1094252,0.39488035,0.40557083,0.89682436,0.95717704,0.5907605,0.2864116,0.9766004,0.635492,0.14067432,-0.05777174,0.5532794,746.2271,809.0842,829.2308,753.0769,680.14655,0.17913818359375,0.13092041015625,0.9908447265625,3.386993408203125,-5.271148681640625,1.06170654296875,1.0,1.0,1.0,1.0,1.0,65.0,,316,LHS,Female,Yes,Right
52,52,2022-11-01 21:49:25.209,,,,,,,,,,,,,,,,,,,,,,,,,,,,,,,,,,,,,,/muse/elements/blink,316,LHS,Female,Yes,Right
53,53,2022-11-01 21:49:25.997,1.437857,0.5901583,0.66887164,0.78230363,1.5503342,0.82330745,0.427905,0.782193,1.072133,0.39428395,0.40557083,0.89682436,0.92341673,0.59853566,0.2864116,0.9766004,0.6262349,0.1379756,-0.05777174,0.5532794,813.5165,812.71063,809.4872,778.0586,658.7912,0.19140625,0.1488037109375,0.98895263671875,3.072967529296875,-4.0972900390625,-1.0467529296875,1.0,1.0,1.0,1.0,1.0,65.0,,316,LHS,Female,Yes,Right
