,Unnamed: 0,TimeStamp,Delta_TP9,Delta_AF7,Delta_AF8,Delta_TP10,Theta_TP9,Theta_AF7,Theta_AF8,Theta_TP10,Alpha_TP9,Alpha_AF7,Alpha_AF8,Alpha_TP10,Beta_TP9,Beta_AF7,Beta_AF8,Beta_TP10,Gamma_TP9,Gamma_AF7,Gamma_AF8,Gamma_TP10,RAW_TP9,RAW_AF7,RAW_AF8,RAW_TP10,AUX_RIGHT,Accelerometer_X,Accelerometer_Y,Accelerometer_Z,Gyro_X,Gyro_Y,Gyro_Z,HeadBandOn,HSI_TP9,HSI_AF7,HSI_AF8,HSI_TP10,Battery,Elements,Participant,Test,Gender,English,Dominance
0,0,08:48.8,,,,,,,,,,,,,,,,,,,,,,,,,,,,,,,,,,,,,,/muse/event/connected Muse-9E89,318,LHS,Male,Yes,Left
1,1,08:48.8,0.0,0.0,0.38454527,0.0,0.0,0.0,-0.12986653,0.0,0.0,0.0,0.37259167,0.0,0.0,0.0,0.5056793,0.0,0.0,0.0,0.1170839,0.0,855.82416,759.12085,835.2747,860.65936,668.0586,0.046875,-0.093994141,1.006958008,1.674804688,-5.405731201,-1.330871582,1.0,2.0,1.0,1.0,2.0,55.0,,318,LHS,Male,Yes,Left
2,2,08:49.8,0.0,0.0,0.3980289,1.0122225,0.0,0.0,0.23266089,1.0662661,0.0,0.0,0.4441444,1.09081,0.0,0.0,0.5216115,1.1483871,0.0,0.0,0.106109165,0.79278344,1000.4762,777.25275,833.663,850.58606,810.293,0.342529297,-0.038513184,0.956726074,5.577697754,-5.944061279,2.123413086,1.0,1.0,1.0,1.0,1.0,55.0,,318,LHS,Male,Yes,Left
3,3,08:50.5,,,,,,,,,,,,,,,,,,,,,,,,,,,,,,,,,,,,,,/muse/elements/jaw_clench,318,LHS,Male,Yes,Left
4,4,08:50.6,,,,,,,,,,,,,,,,,,,,,,,,,,,,,,,,,,,,,,/muse/elements/blink,318,LHS,Male,Yes,Left
5,5,08:50.7,,,,,,,,,,,,,,,,,,,,,,,,,,,,,,,,,,,,,,/muse/elements/jaw_clench,318,LHS,Male,Yes,Left
6,6,08:50.9,0.0,0.0,0.60342693,1.0464499,0.0,0.0,0.4823227,0.9993431,0.0,0.0,0.45109499,1.4946318,0.0,0.0,0.5712135,1.3490524,0.0,0.0,0.106716976,0.89050263,1001.28204,899.34064,706.337,818.3516,696.6667,-0.174621582,-0.178222656,1.001281738,2.945861816,-2.265472412,3.304748535,1.0,1.0,1.0,1.0,1.0,55.0,,318,LHS,Male,Yes,Left
7,7,08:51.9,0.0,0.0,0.83514184,1.0374428,0.0,0.0,0.6536252,0.84296644,0.0,0.0,0.45109499,1.4936931,0.0,0.0,0.58680993,1.4471803,0.0,0.0,-0.000253,0.8453642,761.53845,793.36993,819.15753,841.31866,701.0989,-0.245056152,-0.154541016,0.963867188,4.747772217,5.921630859,-0.949554443,1.0,1.0,1.0,1.0,1.0,60.0,,318,LHS,Male,Yes,Left
8,8,08:52.0,,,,,,,,,,,,,,,,,,,,,,,,,,,,,,,,,,,,,,/muse/elements/jaw_clench,318,LHS,Male,Yes,Left
9,9,08:52.3,,,,,,,,,,,,,,,,,,,,,,,,,,,,,,,,,,,,,,/muse/elements/blink,318,LHS,Male,Yes,Left
10,10,08:52.9,0.0,0.0,0.83514184,1.0374428,0.0,0.0,0.6536252,0.84296644,0.0,0.0,0.45109499,1.4936931,0.0,0.0,0.58680993,1.4471803,0.0,0.0,-0.000253,0.8453642,956.55676,743.4066,778.0586,875.9707,869.92676,-0.32220459,-0.176391602,0.947814941,1.271057129,-5.173950195,1.809387207,1.0,1.0,1.0,1.0,1.0,60.0,,318,LHS,Male,Yes,Left
11,11,08:53.7,,,,,,,,,,,,,,,,,,,,,,,,,,,,,,,,,,,,,,/muse/elements/blink,318,LHS,Male,Yes,Left
12,12,08:53.9,0.0,0.0,0.83514184,1.1634196,0.0,0.0,0.6536252,0.9680053,0.0,0.0,0.45109499,1.2713653,0.0,0.0,0.58680993,1.5453881,0.0,0.0,-0.000253,0.99121064,895.31134,799.81683,800.6227,799.41394,718.4249,-0.324768066,-0.162536621,0.960510254,4.433746338,-2.998199463,-2.474822998,1.0,1.0,1.0,1.0,1.0,60.0,,318,LHS,Male,Yes,Left
13,13,08:54.9,,,,,,,,,,,,,,,,,,,,,,,,,,,,,,,,,,,,,,/muse/elements/blink,318,LHS,Male,Yes,Left
14,14,08:55.0,0.0,0.0,0.83514184,1.1634196,0.0,0.0,0.6536252,0.9680053,0.0,0.0,0.45109499,1.2713653,0.0,0.0,0.58680993,1.5453881,0.0,0.0,-0.000253,0.99121064,882.4176,655.16486,767.1795,823.9927,834.87177,0.33392334,-0.114746094,1.052062988,4.598236084,-24.14260864,-23.46969604,1.0,1.0,1.0,1.0,1.0,60.0,,318,LHS,Male,Yes,Left
15,15,08:55.5,,,,,,,,,,,,,,,,,,,,,,,,,,,,,,,,,,,,,,/muse/elements/blink,318,LHS,Male,Yes,Left
16,16,08:56.0,0.0,0.0,0.83514184,1.1634196,0.0,0.0,0.6536252,0.9680053,0.0,0.0,0.45109499,1.2713653,0.0,0.0,0.58680993,1.5453881,0.0,0.0,-0.000253,0.99121064,882.01465,784.10254,791.75824,838.49817,740.18317,-0.442749023,-0.137207031,0.897277832,4.448699951,6.243133545,4.396362305,1.0,1.0,1.0,1.0,1.0,60.0,,318,LHS,Male,Yes,Left
17,17,08:56.7,,,,,,,,,,,,,,,,,,,,,,,,,,,,,,,,,,,,,,/muse/elements/blink,318,LHS,Male,Yes,Left
18,18,08:57.0,0.0,0.0,0.83514184,1.1634196,0.0,0.0,0.6536252,0.9680053,0.0,0.0,0.45109499,1.2713653,0.0,0.0,0.58680993,1.5453881,0.0,0.0,-0.000253,0.99121064,805.05493,794.57874,800.6227,853.4066,675.31134,-0.367248535,-0.184326172,0.935180664,1.368255615,-12.1647644,-5.420684814,1.0,2.0,1.0,1.0,2.0,60.0,,318,LHS,Male,Yes,Left
19,19,08:57.6,,,,,,,,,,,,,,,,,,,,,,,,,,,,,,,,,,,,,,/muse/elements/blink,318,LHS,Male,Yes,Left
20,20,08:58.0,0.0,0.0,0.56385535,1.1634196,0.0,0.0,0.34069833,0.9680053,0.0,0.0,0.35338658,1.2713653,0.0,0.0,0.347103,1.5453881,0.0,0.0,0.13220051,0.99121064,739.3773,900.54944,711.978,761.9414,619.707,-0.335144043,-0.178894043,0.935546875,3.775787354,-6.684265137,-3.080444336,1.0,2.0,1.0,1.0,2.0,60.0,,318,LHS,Male,Yes,Left
21,21,08:59.0,0.0,0.0,0.30447683,1.1634196,0.0,0.0,0.22919698,0.9680053,0.0,0.0,0.29746246,1.2713653,0.0,0.0,0.27482292,1.5453881,0.0,0.0,0.12469417,0.99121064,777.25275,885.64105,764.35895,799.011,749.45056,-0.416870117,-0.156921387,0.905029297,4.403839111,-0.91217041,-2.302856445,1.0,2.0,1.0,1.0,2.0,60.0,,318,LHS,Male,Yes,Left
22,22,09:00.0,,,,,,,,,,,,,,,,,,,,,,,,,,,,,,,,,,,,,,/muse/elements/blink,318,LHS,Male,Yes,Left
23,23,09:00.0,0.0,0.0,0.30447683,1.1634196,0.0,0.0,0.22919698,0.9680053,0.0,0.0,0.29746246,1.2713653,0.0,0.0,0.27482292,1.5453881,0.0,0.0,0.12469417,0.99121064,747.03296,746.2271,782.8938,764.35895,727.28937,-0.401245117,-0.150634766,0.919921875,3.401947021,-7.304840088,3.050537109,1.0,2.0,1.0,1.0,2.0,60.0,,318,LHS,Male,Yes,Left
24,24,09:00.3,,,,,,,,,,,,,,,,,,,,,,,,,,,,,,,,,,,,,,/muse/elements/blink,318,LHS,Male,Yes,Left
25,25,09:01.0,0.0,0.0,0.33800167,1.1634196,0.0,0.0,0.44912398,0.9680053,0.0,0.0,0.11533927,1.2713653,0.0,0.0,0.7633099,1.5453881,0.0,0.0,0.6484018,0.99121064,799.81683,721.6484,765.16486,773.22345,653.95605,-0.361816406,-0.184997559,0.91973877,0.0,-2.04864502,1.226196289,1.0,2.0,1.0,1.0,2.0,60.0,,318,LHS,Male,Yes,Left
26,26,09:01.1,,,,,,,,,,,,,,,,,,,,,,,,,,,,,,,,,,,,,,/muse/elements/blink,318,LHS,Male,Yes,Left
27,27,09:01.7,,,,,,,,,,,,,,,,,,,,,,,,,,,,,,,,,,,,,,/muse/elements/blink,318,LHS,Male,Yes,Left
28,28,09:02.0,0.0,0.0,0.817365,1.1634196,0.0,0.0,0.48685735,0.9680053,0.0,0.0,0.34807044,1.2713653,0.0,0.0,0.6777792,1.5453881,0.0,0.0,0.6956079,0.99121064,913.8461,1114.9084,1400.586,979.5238,664.43225,-0.302429199,-0.373352051,0.854614258,-29.503479,39.72427368,81.53457642,1.0,2.0,1.0,1.0,2.0,55.0,,318,LHS,Male,Yes,Left
29,29,09:02.1,,,,,,,,,,,,,,,,,,,,,,,,,,,,,,,,,,,,,,/muse/elements/blink,318,LHS,Male,Yes,Left
30,30,09:02.2,,,,,,,,,,,,,,,,,,,,,,,,,,,,,,,,,,,,,,/muse/elements/jaw_clench,318,LHS,Male,Yes,Left
31,31,09:02.5,,,,,,,,,,,,,,,,,,,,,,,,,,,,,,,,,,,,,,/muse/elements/blink,318,LHS,Male,Yes,Left
32,32,09:02.9,,,,,,,,,,,,,,,,,,,,,,,,,,,,,,,,,,,,,,/muse/elements/blink,318,LHS,Male,Yes,Left
33,33,09:03.1,0.0,0.0,1.0396608,1.1634196,0.0,0.0,0.52157277,0.9680053,0.0,0.0,0.34807044,1.2713653,0.0,0.0,0.5711674,1.5453881,0.0,0.0,0.73818225,0.99121064,856.63007,782.0879,754.2857,816.7399,741.79486,-0.510559082,-0.282958984,0.811218262,2.878570557,-5.248718262,-1.323394775,1.0,2.0,1.0,4.0,2.0,55.0,,318,LHS,Male,Yes,Left
34,34,09:04.1,0.0,0.0,1.0396608,1.1634196,0.0,0.0,0.52157277,0.9680053,0.0,0.0,0.34807044,1.2713653,0.0,0.0,0.5711674,1.5453881,0.0,0.0,0.73818225,0.99121064,1575.0549,1621.7949,33.040295,1316.7766,591.50183,0.37890625,-0.010009766,1.016174316,-85.59448242,52.83111572,141.2219238,1.0,2.0,1.0,4.0,2.0,55.0,,318,LHS,Male,Yes,Left
35,35,09:04.2,,,,,,,,,,,,,,,,,,,,,,,,,,,,,,,,,,,,,,/muse/elements/blink,318,LHS,Male,Yes,Left
36,36,09:04.3,,,,,,,,,,,,,,,,,,,,,,,,,,,,,,,,,,,,,,/muse/elements/jaw_clench,318,LHS,Male,Yes,Left
37,37,09:04.5,,,,,,,,,,,,,,,,,,,,,,,,,,,,,,,,,,,,,,/muse/elements/blink,318,LHS,Male,Yes,Left
38,38,09:05.0,,,,,,,,,,,,,,,,,,,,,,,,,,,,,,,,,,,,,,/muse/elements/blink,318,LHS,Male,Yes,Left
39,39,09:05.1,,,,,,,,,,,,,,,,,,,,,,,,,,,,,,,,,,,,,,/muse/elements/jaw_clench,318,LHS,Male,Yes,Left
40,40,09:05.1,0.0,0.0,1.0396608,1.1634196,0.0,0.0,0.52157277,0.9680053,0.0,0.0,0.34807044,1.2713653,0.0,0.0,0.5711674,1.5453881,0.0,0.0,0.73818225,0.99121064,674.10254,1621.7949,1167.2894,711.1722,827.2161,-0.380310059,-0.314819336,0.885864258,14.84146118,-2.75894165,47.20108032,1.0,2.0,4.0,4.0,2.0,55.0,,318,LHS,Male,Yes,Left
41,41,09:05.2,,,,,,,,,,,,,,,,,,,,,,,,,,,,,,,,,,,,,,/muse/elements/blink,318,LHS,Male,Yes,Left
42,42,09:05.2,,,,,,,,,,,,,,,,,,,,,,,,,,,,,,,,,,,,,,/muse/elements/jaw_clench,318,LHS,Male,Yes,Left
43,43,09:05.5,,,,,,,,,,,,,,,,,,,,,,,,,,,,,,,,,,,,,,/muse/elements/blink,318,LHS,Male,Yes,Left
44,44,09:06.1,,,,,,,,,,,,,,,,,,,,,,,,,,,,,,,,,,,,,,/muse/elements/blink,318,LHS,Male,Yes,Left
45,45,09:06.1,0.0,0.0,1.0396608,1.1634196,0.0,0.0,0.52157277,0.9680053,0.0,0.0,0.34807044,1.2713653,0.0,0.0,0.5711674,1.5453881,0.0,0.0,0.73818225,0.99121064,986.3736,840.10986,610.4396,777.25275,929.9634,-0.498413086,-0.258544922,0.856445313,0.785064697,-6.415100098,-6.355285645,1.0,2.0,2.0,4.0,2.0,55.0,,318,LHS,Male,Yes,Left
46,46,09:06.3,,,,,,,,,,,,,,,,,,,,,,,,,,,,,,,,,,,,,,/muse/elements/blink,318,LHS,Male,Yes,Left
47,47,09:07.0,,,,,,,,,,,,,,,,,,,,,,,,,,,,,,,,,,,,,,/muse/elements/blink,318,LHS,Male,Yes,Left
48,48,09:07.1,0.0,0.0,1.0396608,1.1634196,0.0,0.0,0.52157277,0.9680053,0.0,0.0,0.34807044,1.2713653,0.0,0.0,0.5711674,1.5453881,0.0,0.0,0.73818225,0.99121064,982.74725,847.3626,710.3663,832.0513,734.94507,-0.376831055,-0.319885254,0.883605957,3.244934082,-7.940368652,-5.016937256,1.0,2.0,1.0,1.0,2.0,55.0,,318,LHS,Male,Yes,Left
49,49,09:07.3,,,,,,,,,,,,,,,,,,,,,,,,,,,,,,,,,,,,,,/muse/elements/blink,318,LHS,Male,Yes,Left
50,50,09:08.1,,,,,,,,,,,,,,,,,,,,,,,,,,,,,,,,,,,,,,/muse/elements/blink,318,LHS,Male,Yes,Left
51,51,09:08.1,,,,,,,,,,,,,,,,,,,,,,,,,,,,,,,,,,,,,,/muse/elements/jaw_clench,318,LHS,Male,Yes,Left
52,52,09:08.2,0.0,0.0,1.0396608,1.1634196,0.0,0.0,0.52157277,0.9680053,0.0,0.0,0.34807044,1.2713653,0.0,0.0,0.5711674,1.5453881,0.0,0.0,0.73818225,0.99121064,880.40295,1620.989,413.00366,832.4542,651.9414,-0.269775391,-0.338623047,0.89855957,-0.523376465,16.0975647,8.381500244,1.0,2.0,2.0,1.0,2.0,55.0,,318,LHS,Male,Yes,Left
53,53,09:09.2,,,,,,,,,,,,,,,,,,,,,,,,,,,,,,,,,,,,,,/muse/elements/jaw_clench,318,LHS,Male,Yes,Left
54,54,09:09.2,0.0,0.0,1.0396608,1.1634196,0.0,0.0,0.52157277,0.9680053,0.0,0.0,0.34807044,1.2713653,0.0,0.0,0.5711674,1.5453881,0.0,0.0,0.73818225,0.99121064,834.4689,789.7436,766.77655,751.06226,811.0989,-0.303894043,-0.361083984,0.891784668,3.529052734,-5.091705322,-0.650482178,1.0,2.0,4.0,1.0,2.0,55.0,,318,LHS,Male,Yes,Left
55,55,09:09.4,,,,,,,,,,,,,,,,,,,,,,,,,,,,,,,,,,,,,,/muse/elements/blink,318,LHS,Male,Yes,Left
56,56,09:10.2,0.0,0.0,1.0396608,1.1634196,0.0,0.0,0.52157277,0.9680053,0.0,0.0,0.34807044,1.2713653,0.0,0.0,0.5711674,1.5453881,0.0,0.0,0.73818225,0.99121064,680.9524,751.8681,733.73627,723.663,707.1429,-0.228820801,-0.378540039,0.926757813,4.231872559,1.727142334,5.069274902,1.0,2.0,2.0,1.0,2.0,55.0,,318,LHS,Male,Yes,Left
57,57,09:10.4,,,,,,,,,,,,,,,,,,,,,,,,,,,,,,,,,,,,,,/muse/elements/blink,318,LHS,Male,Yes,Left
58,58,09:11.1,,,,,,,,,,,,,,,,,,,,,,,,,,,,,,,,,,,,,,/muse/elements/blink,318,LHS,Male,Yes,Left
59,59,09:11.2,0.0,0.0,1.0396608,1.1634196,0.0,0.0,0.52157277,0.9680053,0.0,0.0,0.34807044,1.2713653,0.0,0.0,0.5711674,1.5453881,0.0,0.0,0.73818225,0.99121064,762.3443,807.8755,756.30035,744.21246,655.56775,-0.327453613,-0.343566895,0.886291504,1.181335449,-5.973968506,0.994415283,1.0,2.0,2.0,1.0,2.0,55.0,,318,LHS,Male,Yes,Left
60,60,09:11.5,,,,,,,,,,,,,,,,,,,,,,,,,,,,,,,,,,,,,,/muse/elements/blink,318,LHS,Male,Yes,Left
61,61,09:12.2,0.0,0.0,1.0396608,1.1634196,0.0,0.0,0.52157277,0.9680053,0.0,0.0,0.34807044,1.2713653,0.0,0.0,0.5711674,1.5453881,0.0,0.0,0.73818225,0.99121064,639.45056,734.94507,749.85345,670.07324,731.7216,-0.379272461,-0.277587891,0.90411377,4.276733398,-1.86920166,4.815063477,1.0,2.0,1.0,1.0,2.0,55.0,,318,LHS,Male,Yes,Left
62,62,09:12.4,,,,,,,,,,,,,,,,,,,,,,,,,,,,,,,,,,,,,,/muse/elements/blink,318,LHS,Male,Yes,Left
