,Unnamed: 0,TimeStamp,Delta_TP9,Delta_AF7,Delta_AF8,Delta_TP10,Theta_TP9,Theta_AF7,Theta_AF8,Theta_TP10,Alpha_TP9,Alpha_AF7,Alpha_AF8,Alpha_TP10,Beta_TP9,Beta_AF7,Beta_AF8,Beta_TP10,Gamma_TP9,Gamma_AF7,Gamma_AF8,Gamma_TP10,RAW_TP9,RAW_AF7,RAW_AF8,RAW_TP10,AUX_RIGHT,Accelerometer_X,Accelerometer_Y,Accelerometer_Z,Gyro_X,Gyro_Y,Gyro_Z,HeadBandOn,HSI_TP9,HSI_AF7,HSI_AF8,HSI_TP10,Battery,Elements,Participant,Test,Gender,English,Dominance
0,0,2022-11-01 15:48:21.647,,,,,,,,,,,,,,,,,,,,,,,,,,,,,,,,,,,,,,/muse/event/connected Muse-9E89,312,LHS,Male,No,Right
1,1,2022-11-01 15:48:22.648,0.0606530267940906,0.3407445087604591,0.0,0.3494212449820696,0.0550857292988337,-0.2118692713960278,0.0,0.4182461599948828,0.7781913871426308,0.1392364654469713,0.0,0.3552945261673315,0.6846425034723981,-0.0766876619014099,0.0,0.5597218215471466,0.428655871297698,-0.171960509292818,0.0,0.369742253555875,795.3846153846154,799.4139194139194,889.6703296703297,805.4578754578755,522.6007326007326,0.450439,0.124634,0.892334,0.590668,-2.452393,1.121521,1.0,1.0,1.0,2.0,1.0,55.0,,312,LHS,Male,No,Right
2,2,2022-11-01 15:48:23.648,0.3206300844391017,0.2542589437316672,0.0,0.0733839747702122,0.1375559407679448,-0.0690994411080542,0.0,0.1481798512309256,0.7704295154503543,0.2131495170821099,0.0,0.1984869326860125,0.6358081757731228,0.078740073216545,0.0,0.620777868580491,0.5445096266962316,-0.1400898486582293,0.0,0.3925554976807456,796.1904761904763,787.3260073260074,797.3992673992674,822.3809523809524,777.2527472527473,0.452393,0.133606,0.891602,0.822449,-3.977661,0.740204,1.0,1.0,1.0,2.0,1.0,55.0,,312,LHS,Male,No,Right
3,3,2022-11-01 15:48:24.648,0.406740997558272,0.5699479161439248,0.0,0.3999909072230569,0.1990565960463448,-0.0591057704761325,0.0,-0.0174144325702839,0.4593490387475686,0.1519043712286341,0.0,0.340288583450809,0.5393944998503568,0.1672165392143596,0.0,0.5519060253308066,0.3605956386990647,-0.3226927540689056,0.0,0.3903473688439278,783.6996336996338,799.8168498168499,837.2893772893773,787.3260073260074,765.1648351648352,0.461182,0.129456,0.895325,0.695343,-3.013153,0.70282,1.0,1.0,1.0,2.0,1.0,55.0,,312,LHS,Male,No,Right
4,4,2022-11-01 15:48:25.648,0.2253317932950655,0.8958647490386041,0.0,0.4804590241798806,0.26349114011306,-0.2995281891206,0.0,-0.0492916372314942,0.4068996476685063,-0.1557242664041749,0.0,0.3794987617603071,0.522285615714911,0.257318559502685,0.0,0.5705249642336748,0.3495692344860259,-0.5338394888189171,0.0,0.4122281233080116,805.8608058608058,793.7728937728938,867.5091575091575,801.8315018315019,584.6520146520147,0.446289,0.140381,0.900208,1.315918,-2.85614,1.891632,1.0,1.0,1.0,2.0,1.0,55.0,,312,LHS,Male,No,Right
5,5,2022-11-01 15:48:26.648,0.1431144045803603,0.5884322740914145,0.0,0.5059808524653728,0.121938017152464,0.2325940188428259,0.0,0.0963272635926984,0.5005676083258755,0.5577921530305116,0.0,0.5765855827921148,0.7226446389022803,-0.0983986334457909,0.0,0.6805168400311746,0.5067481731505378,-0.1714249886075603,0.0,0.2379980782759699,811.0989010989011,804.6520146520147,472.6373626373626,806.2637362637363,1080.25641025641,0.405579,0.131287,0.914185,1.151428,-2.83371,0.336456,1.0,1.0,1.0,2.0,1.0,55.0,,312,LHS,Male,No,Right
6,6,2022-11-01 15:48:27.648,0.9011060416530362,0.9657163290559624,0.0,0.8323831304977863,0.6682335902231886,0.0770419383062093,0.0,0.3921455006437005,0.8999242039476647,0.4146728788204205,0.0,0.7485803765687186,0.8372133471594264,-0.0163854430924372,0.0,0.7351405767513863,0.6072359244873858,-0.3448832197302835,0.0,0.2500314591827388,807.8754578754579,809.0842490842491,639.047619047619,805.054945054945,657.1794871794872,0.447815,0.150208,0.893799,1.084137,-3.686066,1.233673,1.0,1.0,1.0,2.0,1.0,55.0,,312,LHS,Male,No,Right
7,7,2022-11-01 15:48:28.649,0.8910098312782416,0.9978033204610776,0.0,0.547636430565724,0.6909637604698541,0.2813740068033646,0.0,0.2595347328364723,0.8836521566447499,0.5998653854462691,0.0,0.539881947772005,0.774993249370974,0.1307123603916937,0.0,0.5392355024896336,0.5784103390939693,-0.2301347953040296,0.0,0.3465178631855855,1313.553113553114,933.1868131868132,883.6263736263736,1084.688644688645,524.2124542124542,0.426453,0.142517,0.899658,0.620575,-2.549591,0.493469,1.0,1.0,1.0,2.0,1.0,55.0,,312,LHS,Male,No,Right
8,8,2022-11-01 15:48:29.038,,,,,,,,,,,,,,,,,,,,,,,,,,,,,,,,,,,,,,/muse/elements/jaw_clench,312,LHS,Male,No,Right
9,9,2022-11-01 15:48:29.648,0.7638967961934117,0.9083886178326196,0.0,0.581886379114323,0.2743115304265348,0.0249448499469118,0.0,0.2574074025956239,0.5072592038173528,0.1771171211108206,0.0,0.5225828689635703,0.7205546671031116,0.0800750816204978,0.0,0.6047104672388378,0.6706392873034647,-0.2945240366226636,0.0,0.230449257221904,871.1355311355312,1269.6336996337,774.4322344322345,833.6630036630037,944.8717948717948,0.443298,0.144165,0.889587,-1.338348,-3.828125,3.506622,1.0,1.0,1.0,2.0,1.0,55.0,,312,LHS,Male,No,Right
10,10,2022-11-01 15:48:30.133,,,,,,,,,,,,,,,,,,,,,,,,,,,,,,,,,,,,,,/muse/elements/jaw_clench,312,LHS,Male,No,Right
11,11,2022-11-01 15:48:30.657,0.7638967961934117,0.9083886178326196,0.0,0.581886379114323,0.2743115304265348,0.0249448499469118,0.0,0.2574074025956239,0.5072592038173528,0.1771171211108206,0.0,0.5225828689635703,0.7205546671031116,0.0800750816204978,0.0,0.6047104672388378,0.6706392873034647,-0.2945240366226636,0.0,0.230449257221904,784.9084249084249,904.5787545787546,672.4908424908425,748.6446886446887,882.8205128205128,0.457092,0.140564,0.881104,-0.082245,-3.117828,1.121521,1.0,1.0,1.0,2.0,1.0,55.0,,312,LHS,Male,No,Right
12,12,2022-11-01 15:48:31.399,,,,,,,,,,,,,,,,,,,,,,,,,,,,,,,,,,,,,,/muse/elements/blink,312,LHS,Male,No,Right
13,13,2022-11-01 15:48:31.559,,,,,,,,,,,,,,,,,,,,,,,,,,,,,,,,,,,,,,/muse/elements/blink,312,LHS,Male,No,Right
14,14,2022-11-01 15:48:31.648,0.7638967961934117,0.9083886178326196,0.0,0.581886379114323,0.2743115304265348,0.0249448499469118,0.0,0.2574074025956239,0.5072592038173528,0.1771171211108206,0.0,0.5225828689635703,0.7205546671031116,0.0800750816204978,0.0,0.6047104672388378,0.6706392873034647,-0.2945240366226636,0.0,0.230449257221904,813.919413919414,810.6959706959707,1006.520146520147,799.0109890109891,498.8278388278388,0.474548,0.159973,0.888733,2.497253,-4.456177,-0.934601,1.0,2.0,1.0,2.0,2.0,55.0,,312,LHS,Male,No,Right
15,15,2022-11-01 15:48:32.648,0.7638967961934117,0.9083886178326196,0.0,0.581886379114323,0.2743115304265348,0.0249448499469118,0.0,0.2574074025956239,0.5072592038173528,0.1771171211108206,0.0,0.5225828689635703,0.7205546671031116,0.0800750816204978,0.0,0.6047104672388378,0.6706392873034647,-0.2945240366226636,0.0,0.230449257221904,789.7435897435897,774.4322344322345,910.2197802197802,767.5824175824176,818.7545787545788,0.483765,0.152527,0.872375,1.218719,-3.798218,2.138367,1.0,2.0,1.0,2.0,2.0,55.0,,312,LHS,Male,No,Right
16,16,2022-11-01 15:48:33.657,0.7638967961934117,0.9083886178326196,0.0,0.9381158781917472,0.2743115304265348,0.0249448499469118,0.0,1.010335139574917,0.5072592038173528,0.1771171211108206,0.0,0.8351454456718416,0.7205546671031116,0.0800750816204978,0.0,0.6435840261007176,0.6706392873034647,-0.2945240366226636,0.0,0.4666886038169957,809.4871794871796,813.5164835164835,963.809523809524,772.014652014652,706.3369963369963,0.489563,0.158691,0.859863,1.330872,-2.751465,2.654266,1.0,1.0,1.0,2.0,1.0,55.0,,312,LHS,Male,No,Right
17,17,2022-11-01 15:48:34.654,-0.0615321357920877,0.9083886178326196,0.0,0.9863790161168776,0.1831870435636196,0.0249448499469118,0.0,1.027566495046828,0.73967320094845,0.1771171211108206,0.0,0.8246318933605296,1.012407635457453,0.0800750816204978,0.0,0.649200472475465,0.737673798701623,-0.2945240366226636,0.0,0.4746962391050111,827.2161172161173,815.934065934066,943.6630036630036,740.1831501831502,527.8388278388279,0.500427,0.159668,0.857971,0.441132,-2.968292,0.224304,1.0,1.0,1.0,2.0,1.0,55.0,,312,LHS,Male,No,Right
18,18,2022-11-01 15:48:35.647,0.2531093057200317,0.2971159251004973,0.0,0.9863790161168776,0.274631392262877,-0.1004789603848502,0.0,1.027566495046828,0.8895670339582099,0.0849949061016015,0.0,0.8246318933605296,0.9602533233475956,-0.0446112643999212,0.0,0.649200472475465,0.7646468616067638,-0.1372883905253746,0.0,0.4746962391050111,726.0805860805862,781.2820512820513,819.5604395604396,736.5567765567765,631.3919413919414,0.509583,0.160278,0.859314,0.620575,-3.603821,1.525269,1.0,1.0,1.0,2.0,1.0,55.0,,312,LHS,Male,No,Right
19,19,2022-11-01 15:48:35.831,,,,,,,,,,,,,,,,,,,,,,,,,,,,,,,,,,,,,,/muse/elements/blink,312,LHS,Male,No,Right
20,20,2022-11-01 15:48:36.656,0.6983257049057636,0.187142167513281,0.0,0.9863790161168776,0.5828562480694258,-0.4742168992159139,0.0,1.027566495046828,0.7058339346896741,-0.3388723284727812,0.0,0.8246318933605296,0.8996105108902349,0.1057973303163933,0.0,0.649200472475465,0.759551057994982,-0.0588967494618316,0.0,0.4746962391050111,792.5641025641025,818.7545787545788,605.6043956043957,844.5421245421246,848.974358974359,0.501038,0.18219,0.851868,1.016846,-0.426178,1.457977,1.0,1.0,1.0,2.0,1.0,55.0,,312,LHS,Male,No,Right
21,21,2022-11-01 15:48:37.648,0.6983257049057636,0.2180225575517629,0.0,0.9863790161168776,0.5828562480694258,-0.4660693932586017,0.0,1.027566495046828,0.7058339346896741,-0.3766529705608551,0.0,0.8246318933605296,0.8996105108902349,0.1211280800915723,0.0,0.649200472475465,0.759551057994982,-0.0935231492291131,0.0,0.4746962391050111,796.996336996337,842.5274725274726,973.4798534798535,813.919413919414,592.3076923076924,0.531433,0.184021,0.830994,1.532745,-0.755157,1.4505,1.0,1.0,1.0,2.0,1.0,55.0,,312,LHS,Male,No,Right
22,22,2022-11-01 15:48:38.647,0.6983257049057636,0.8935348175500126,0.0,0.9863790161168776,0.5828562480694258,0.18424027740551,0.0,1.027566495046828,0.7058339346896741,0.0760696522392795,0.0,0.8246318933605296,0.8996105108902349,0.0151137235940161,0.0,0.649200472475465,0.759551057994982,-0.0094056804289405,0.0,0.4746962391050111,778.0586080586081,830.8424908424909,990.0,792.967032967033,639.4505494505495,0.523987,0.191467,0.84137,0.680389,-2.026215,1.465454,1.0,2.0,1.0,1.0,2.0,55.0,,312,LHS,Male,No,Right
23,23,2022-11-01 15:48:39.648,0.5306611158107031,0.6088494683386332,0.0,0.9863790161168776,0.4674760403107087,0.0149143878262833,0.0,1.027566495046828,0.8317798861297054,0.1268663811922566,0.0,0.8246318933605296,1.074062706492394,0.0491275259021475,0.0,0.649200472475465,1.185848761768926,-0.035652410376958,0.0,0.4746962391050111,794.1758241758242,814.7252747252747,1014.175824175824,813.919413919414,680.952380952381,0.513733,0.19397,0.846191,1.697235,-2.332764,2.841187,1.0,1.0,1.0,1.0,1.0,55.0,,312,LHS,Male,No,Right
24,24,2022-11-01 15:48:40.647,0.4863618494711761,0.7600952462325088,0.0,1.255198188658463,0.2813748616207322,0.2583903325270455,0.0,0.5766791444828634,0.8130214988853774,0.4423472684342508,0.0,0.7406426990349708,1.023135217510716,0.2435801596843163,0.0,0.8353381575825509,1.180801798421099,0.1527511807367662,0.0,0.3999383399713543,780.4761904761905,820.7692307692308,1087.912087912088,799.8168498168499,564.1025641025641,0.509827,0.177002,0.852356,-0.254211,-2.228088,1.315918,1.0,1.0,1.0,1.0,1.0,55.0,,312,LHS,Male,No,Right
25,25,2022-11-01 15:48:41.648,0.5252372014516269,0.96838207819525,0.0,0.7750685614231714,0.2823480491075192,0.5121666139028724,0.0,-0.0703445446632268,0.747466997585777,0.4191564255716287,0.0,0.6863434954834802,1.103869721956778,0.3157939965638124,0.0,0.7122665059493476,1.106478060860406,0.1411919968439172,0.0,0.4746644125696191,786.1172161172161,808.2783882783883,935.6043956043956,814.7252747252747,729.3040293040293,0.499512,0.185486,0.861633,1.398163,-3.573914,1.443024,1.0,1.0,1.0,1.0,1.0,55.0,,312,LHS,Male,No,Right
26,26,2022-11-01 15:48:42.647,0.2107747974023767,0.4891503043500504,0.0,0.5913753880769403,0.2078380006516715,-0.0898730997947269,0.0,0.1237235409678216,0.7231641842119391,0.2804154563335883,0.0,0.7034803867471783,0.987477414800482,0.2645898429980932,0.0,0.774735227942675,1.094564500583564,0.0788833294216003,0.0,0.6195385177111727,672.0879120879121,812.3076923076924,819.1575091575091,696.6666666666667,944.065934065934,0.512085,0.184082,0.839722,1.846771,-5.734711,3.065491,1.0,1.0,1.0,1.0,1.0,55.0,,312,LHS,Male,No,Right
27,27,2022-11-01 15:48:42.804,,,,,,,,,,,,,,,,,,,,,,,,,,,,,,,,,,,,,,/muse/elements/blink,312,LHS,Male,No,Right
28,28,2022-11-01 15:48:43.655,0.0867304890215952,0.3474265964376733,0.0,0.2041044689417967,0.0369193327780838,0.0110194298507715,0.0,0.4455111982451609,0.5840596630894276,0.3097332015101921,0.0,0.281837461219241,0.9868421802599504,0.3127415663205789,0.0,0.5877652326344743,1.057031868059767,-0.0242320419314482,0.0,0.6445883888720089,827.2161172161173,831.2454212454213,962.1978021978024,831.6483516483516,569.7435897435897,0.523804,0.175476,0.83728,0.246735,-3.476715,-0.643005,1.0,1.0,1.0,1.0,1.0,55.0,,312,LHS,Male,No,Right
29,29,2022-11-01 15:48:44.650,0.0421571803693592,0.9980750971035284,0.0,0.2041044689417967,0.0055389032703423,0.1257853411022267,0.0,0.4455111982451609,0.543684656046522,0.2781542276998903,0.0,0.281837461219241,1.006521384217916,0.1769145771296343,0.0,0.5877652326344743,1.04531293872695,-0.1846574193849602,0.0,0.6445883888720089,810.6959706959707,802.2344322344322,622.9304029304029,793.3699633699634,695.8608058608058,0.528809,0.18689,0.839539,0.971985,-4.134674,1.540222,1.0,1.0,1.0,1.0,1.0,55.0,,312,LHS,Male,No,Right
30,30,2022-11-01 15:48:45.651,0.7448043036846832,0.6564832481481555,0.0,0.708637163276869,0.2334780219049802,-0.1747290162264127,0.0,0.1582660958655052,0.8684581373596346,0.3124750416902768,0.0,0.3309461925047639,1.191293187939189,0.1277066265734921,0.0,0.7643931289682423,1.331612164174534,-0.3012544024565897,0.0,0.5505271852030701,790.5494505494506,782.0879120879121,702.3076923076924,808.2783882783883,891.6849816849817,0.543213,0.194336,0.834167,1.286011,-4.61319,2.168274,1.0,1.0,1.0,1.0,1.0,55.0,,312,LHS,Male,No,Right
31,31,2022-11-01 15:48:46.648,0.606885050827716,0.8941081083235958,0.0,0.6507517183205843,0.1005562971936396,0.036703488006612,0.0,0.1735842103862134,0.8331795423896766,0.3216671360799563,0.0,0.6177560458613796,1.211317171056099,0.0688868434923978,0.0,0.6534559606175039,1.147974784889392,-0.4157852136812057,0.0,0.5330545140038994,806.2637362637363,789.3406593406594,939.2307692307692,801.025641025641,694.2490842490843,0.545593,0.19281,0.8255,0.456085,-3.357086,1.794434,1.0,1.0,1.0,2.0,1.0,55.0,,312,LHS,Male,No,Right
32,32,2022-11-01 15:48:47.648,0.7937186965740536,0.8799725143024557,0.0,0.6713429834920542,0.4215523692847002,0.2533321204614327,0.0,0.3101659018291602,0.5971591858142821,0.1197216018136193,0.0,0.6590491414216983,1.077745213622886,0.1150119067451554,0.0,0.5772616760294689,0.8930991949184053,-0.1394067673300126,0.0,0.5876538717457191,819.5604395604396,783.6996336996338,647.9120879120879,818.7545787545788,822.3809523809524,0.532288,0.185852,0.824524,1.921539,-1.42807,-4.882355,1.0,1.0,1.0,2.0,1.0,55.0,,312,LHS,Male,No,Right
33,33,2022-11-01 15:48:48.655,0.484721355952921,0.7050452235984349,0.0,0.2418838352069071,0.474902005141484,0.3499237389694715,0.0,0.1022667080785386,1.023097695760872,0.4057395506559205,0.0,0.2604021365309864,1.161635508956877,0.0706949400208385,0.0,0.5977063968924695,0.9183224454795292,-0.0810224318850928,0.0,0.6214881896885903,817.948717948718,813.1135531135532,676.9230769230769,817.5457875457876,763.5531135531136,0.52655,0.217407,0.833496,0.35141,-3.297272,2.676697,1.0,1.0,1.0,2.0,1.0,55.0,,312,LHS,Male,No,Right
34,34,2022-11-01 15:48:49.651,0.2158720494963067,0.6564686687799708,0.0,0.181539751365055,0.4117416843414702,0.2518558510692257,0.0,0.3799810105408855,1.196821330287335,0.3255059942196923,0.0,0.6692493152407852,1.159215258160017,0.1527015267541831,0.0,0.7240184219381528,0.9046871656918206,-0.1770161853202716,0.0,0.6019407520731382,789.3406593406594,801.025641025641,774.4322344322345,799.8168498168499,543.1501831501831,0.519592,0.192505,0.845398,0.650482,-2.145844,3.102875,1.0,1.0,1.0,2.0,1.0,55.0,,312,LHS,Male,No,Right
