,Unnamed: 0,TimeStamp,Delta_TP9,Delta_AF7,Delta_AF8,Delta_TP10,Theta_TP9,Theta_AF7,Theta_AF8,Theta_TP10,Alpha_TP9,Alpha_AF7,Alpha_AF8,Alpha_TP10,Beta_TP9,Beta_AF7,Beta_AF8,Beta_TP10,Gamma_TP9,Gamma_AF7,Gamma_AF8,Gamma_TP10,RAW_TP9,RAW_AF7,RAW_AF8,RAW_TP10,AUX_RIGHT,Accelerometer_X,Accelerometer_Y,Accelerometer_Z,Gyro_X,Gyro_Y,Gyro_Z,HeadBandOn,HSI_TP9,HSI_AF7,HSI_AF8,HSI_TP10,Battery,Elements,Participant,Test,Gender,English,Dominance
0,0,2022-11-01 14:42:44.526,,,,,,,,,,,,,,,,,,,,,,,,,,,,,,,,,,,,,,/muse/event/connected Muse-9E89,308,LHS,Male,Yes,Right
1,1,2022-11-01 14:42:45.064,,,,,,,,,,,,,,,,,,,,,,,,,,,,,,,,,,,,,,/muse/elements/blink,308,LHS,Male,Yes,Right
2,2,2022-11-01 14:42:45.528,0.5346845657839011,0.4465440695208239,1.002184783550153,1.11245909871988,-0.2672584939455865,0.2272607476515716,1.33555503682864,1.045324042439258,0.2552887263462391,0.365163920949399,1.016726933074084,0.69962577050054,0.6731835643317892,0.4390143760431325,0.7900429098500577,0.6626510619226879,0.5941600402322229,0.6200334142154912,0.3297933880274858,0.6440165139649077,809.8901098901099,778.4615384615385,1164.871794871795,887.2527472527473,672.4908424908425,0.271973,0.08783,0.970764,2.257996,-8.202057,-3.521576,1.0,2.0,1.0,1.0,2.0,85.0,,308,LHS,Male,Yes,Right
3,3,2022-11-01 14:42:46.527,0.5346845657839011,0.4465440695208239,1.002184783550153,1.11245909871988,-0.2672584939455865,0.2272607476515716,1.33555503682864,1.045324042439258,0.2552887263462391,0.365163920949399,1.016726933074084,0.69962577050054,0.6731835643317892,0.4390143760431325,0.7900429098500577,0.6626510619226879,0.5941600402322229,0.6200334142154912,0.3297933880274858,0.6440165139649077,805.8608058608058,792.5641025641025,1170.10989010989,803.8461538461539,689.8168498168499,0.325867,0.096985,0.974609,5.615082,-3.20755,-0.014954,1.0,2.0,1.0,1.0,2.0,85.0,,308,LHS,Male,Yes,Right
4,4,2022-11-01 14:42:47.527,0.5473347277218452,0.4465440695208239,1.002184783550153,1.11245909871988,0.1463753504080678,0.2272607476515716,1.33555503682864,1.045324042439258,0.7133493935195667,0.365163920949399,1.016726933074084,0.69962577050054,0.5459848248017906,0.4390143760431325,0.7900429098500577,0.6626510619226879,0.5754432770155525,0.6200334142154912,0.3297933880274858,0.6440165139649077,809.4871794871796,756.7032967032967,1112.087912087912,805.054945054945,768.3882783882784,0.281128,0.105591,0.997375,5.188904,-5.114136,4.306641,1.0,1.0,1.0,1.0,1.0,85.0,,308,LHS,Male,Yes,Right
5,5,2022-11-01 14:42:48.529,0.725893437909737,0.4465440695208239,1.002184783550153,1.11245909871988,0.397363348614486,0.2272607476515716,1.33555503682864,1.045324042439258,0.7832680850140415,0.365163920949399,1.016726933074084,0.69962577050054,0.6528168926163279,0.4390143760431325,0.7900429098500577,0.6626510619226879,0.4733426204022734,0.6200334142154912,0.3297933880274858,0.6440165139649077,788.1318681318681,796.5934065934066,1175.347985347985,804.2490842490843,648.7179487179487,0.345032,0.114075,0.949707,2.489777,-7.566528,-1.652374,1.0,1.0,1.0,1.0,1.0,85.0,,308,LHS,Male,Yes,Right
6,6,2022-11-01 14:42:49.530,0.8803320030858066,0.4465440695208239,1.002184783550153,1.11245909871988,0.6738212800167561,0.2272607476515716,1.33555503682864,1.045324042439258,0.5924759378440952,0.365163920949399,1.016726933074084,0.69962577050054,0.7766848042903218,0.4390143760431325,0.7900429098500577,0.6626510619226879,0.5056442765391123,0.6200334142154912,0.3297933880274858,0.6440165139649077,784.1025641025641,811.5018315018315,1165.274725274725,810.6959706959707,902.1611721611722,0.373901,0.083435,0.949402,0.919647,-8.493652,-4.239349,1.0,1.0,1.0,1.0,1.0,85.0,,308,LHS,Male,Yes,Right
7,7,2022-11-01 14:42:50.527,1.196573336720831,0.4465440695208239,1.002184783550153,1.11245909871988,0.7371273372392062,0.2272607476515716,1.33555503682864,1.045324042439258,0.6456154041669595,0.365163920949399,1.016726933074084,0.69962577050054,0.6924379976659132,0.4390143760431325,0.7900429098500577,0.6626510619226879,0.5334463615244441,0.6200334142154912,0.3297933880274858,0.6440165139649077,820.7692307692308,761.1355311355312,900.1465201465202,809.4871794871796,716.007326007326,0.334412,0.105774,0.946899,4.874878,-4.216919,2.684174,1.0,1.0,1.0,1.0,1.0,85.0,,308,LHS,Male,Yes,Right
8,8,2022-11-01 14:42:51.533,1.044963455661182,0.4465440695208239,1.002184783550153,1.353314366024116,0.3027621290030165,0.2272607476515716,1.33555503682864,0.8324891082853316,0.8677404297497144,0.365163920949399,1.016726933074084,1.023656180411644,0.7123186423734217,0.4390143760431325,0.7900429098500577,0.792998202195237,0.4113783387373857,0.6200334142154912,0.3297933880274858,0.3969263538438502,857.032967032967,776.0439560439561,855.0183150183151,857.4358974358975,937.6190476190476,0.380676,0.097168,0.932007,-0.971985,-3.850555,-2.743988,1.0,1.0,1.0,1.0,1.0,85.0,,308,LHS,Male,Yes,Right
9,9,2022-11-01 14:42:52.535,0.6974264480484741,0.4465440695208239,1.002184783550153,1.241140451772834,0.0107062661896785,0.2272607476515716,1.33555503682864,0.797471976708986,0.7482452926376698,0.365163920949399,1.016726933074084,1.020616189038298,0.7001209643921906,0.4390143760431325,0.7900429098500577,0.7986633968650164,0.4002367449848064,0.6200334142154912,0.3297933880274858,0.3577495406794885,796.996336996337,729.3040293040293,784.5054945054945,781.6849816849817,639.8534798534798,0.366516,0.105225,0.936707,3.379517,-3.424377,1.211243,1.0,1.0,1.0,1.0,1.0,85.0,,308,LHS,Male,Yes,Right
10,10,2022-11-01 14:42:53.527,0.6121334567961941,0.4465440695208239,1.002184783550153,1.241140451772834,0.0386598752320431,0.2272607476515716,1.33555503682864,0.797471976708986,0.7001159163013779,0.365163920949399,1.016726933074084,1.020616189038298,0.6953784819843191,0.4390143760431325,0.7900429098500577,0.7986633968650164,0.3581268404965448,0.6200334142154912,0.3297933880274858,0.3577495406794885,787.3260073260074,800.6227106227107,896.9230769230769,789.7435897435897,897.3260073260074,0.362976,0.09137,0.960999,2.542114,-4.456177,0.957031,1.0,1.0,1.0,1.0,1.0,85.0,,308,LHS,Male,Yes,Right
11,11,2022-11-01 14:42:54.527,0.5236290693869432,0.4465440695208239,1.002184783550153,1.241140451772834,0.4388167129542888,0.2272607476515716,1.33555503682864,0.797471976708986,0.3848606195346571,0.365163920949399,1.016726933074084,1.020616189038298,0.6693660523187338,0.4390143760431325,0.7900429098500577,0.7986633968650164,0.6127818609737097,0.6200334142154912,0.3297933880274858,0.3577495406794885,789.3406593406594,705.1282051282052,643.8827838827839,803.040293040293,680.952380952381,0.373169,0.088562,0.94104,2.138367,-8.815155,0.059814,1.0,1.0,1.0,2.0,1.0,85.0,,308,LHS,Male,Yes,Right
12,12,2022-11-01 14:42:55.527,0.5236290693869432,0.4465440695208239,1.002184783550153,1.241140451772834,0.4388167129542888,0.2272607476515716,1.33555503682864,0.797471976708986,0.3848606195346571,0.365163920949399,1.016726933074084,1.020616189038298,0.6693660523187338,0.4390143760431325,0.7900429098500577,0.7986633968650164,0.6127818609737097,0.6200334142154912,0.3297933880274858,0.3577495406794885,837.2893772893773,770.8058608058608,640.6593406593407,815.5311355311355,647.5091575091575,0.411926,0.10675,0.944946,3.656158,-7.267456,1.375732,1.0,1.0,1.0,2.0,1.0,85.0,,308,LHS,Male,Yes,Right
13,13,2022-11-01 14:42:56.527,0.5236290693869432,0.4465440695208239,1.002184783550153,0.4909412418640277,0.4388167129542888,0.2272607476515716,1.33555503682864,0.3702386372103973,0.3848606195346571,0.365163920949399,1.016726933074084,0.3964236831638782,0.6693660523187338,0.4390143760431325,0.7900429098500577,0.5622051967626751,0.6127818609737097,0.6200334142154912,0.3297933880274858,0.4274235199140497,740.1831501831502,854.6153846153846,620.5128205128206,819.1575091575091,910.6227106227108,0.412476,0.066284,0.921692,1.764526,-3.72345,-2.175751,1.0,1.0,1.0,2.0,1.0,85.0,,308,LHS,Male,Yes,Right
14,14,2022-11-01 14:42:57.527,0.5236290693869432,0.4465440695208239,1.002184783550153,0.6241820283470724,0.4388167129542888,0.2272607476515716,1.33555503682864,0.3356994188517226,0.3848606195346571,0.365163920949399,1.016726933074084,0.2431371363168052,0.6693660523187338,0.4390143760431325,0.7900429098500577,0.4846258432032537,0.6127818609737097,0.6200334142154912,0.3297933880274858,0.3841250326017324,824.3956043956044,821.978021978022,677.3260073260074,809.0842490842491,974.6886446886448,0.41864,0.085632,0.940857,-1.398163,-2.527161,-4.762726,1.0,1.0,1.0,2.0,1.0,85.0,,308,LHS,Male,Yes,Right
15,15,2022-11-01 14:42:58.528,0.5938224609990477,0.4465440695208239,1.002184783550153,1.009390460344088,0.5685320151196757,0.2272607476515716,1.33555503682864,0.2379355871643967,0.2240769125667121,0.365163920949399,1.016726933074084,0.6903534022895229,0.6104549783818279,0.4390143760431325,0.7900429098500577,0.5341284526641136,0.3900255046941267,0.6200334142154912,0.3297933880274858,0.4512843395151541,826.007326007326,778.8644688644689,872.3443223443223,800.2197802197802,724.8717948717949,0.367432,0.093567,0.954285,-0.433655,-6.572113,1.629944,1.0,1.0,1.0,2.0,1.0,90.0,,308,LHS,Male,Yes,Right
16,16,2022-11-01 14:42:59.527,0.7776918356004362,0.4465440695208239,1.002184783550153,0.8371668402094116,0.4709571581652637,0.2272607476515716,1.33555503682864,0.4008658057459868,0.3313152693045573,0.365163920949399,1.016726933074084,0.4962542130483206,0.6535693888285155,0.4390143760431325,0.7900429098500577,0.4465280996138196,0.4170466179037398,0.6200334142154912,0.3297933880274858,0.4868349678039053,822.3809523809524,844.5421245421246,847.3626373626374,794.5787545787546,693.040293040293,0.362061,0.094421,0.948303,3.476715,-4.441223,1.4505,1.0,1.0,1.0,2.0,1.0,90.0,,308,LHS,Male,Yes,Right
17,17,2022-11-01 14:43:00.533,0.821760007281889,0.4465440695208239,1.002184783550153,0.7959402806735413,0.6408570395842627,0.2272607476515716,1.33555503682864,0.4799655899907977,0.8122558626624216,0.365163920949399,1.016726933074084,0.6723390446637478,0.8966377735728424,0.4390143760431325,0.7900429098500577,0.5863040284102806,0.513831911971423,0.6200334142154912,0.3297933880274858,0.3824877040567559,817.948717948718,799.0109890109891,711.1721611721612,836.886446886447,825.6043956043957,0.370422,0.070801,0.939514,2.519684,-3.267365,0.224304,1.0,1.0,1.0,2.0,1.0,90.0,,308,LHS,Male,Yes,Right
18,18,2022-11-01 14:43:01.527,0.796621332069146,0.4465440695208239,1.002184783550153,1.128533787142583,0.4749361349458033,0.2272607476515716,1.33555503682864,0.5410151536656409,0.6406489926976202,0.365163920949399,1.016726933074084,0.6606016271934108,0.7747951593139722,0.4390143760431325,0.7900429098500577,0.4715488846292746,0.5309939055711659,0.6200334142154912,0.3297933880274858,0.3412194138723246,810.6959706959707,811.0989010989011,906.5934065934066,810.6959706959707,693.040293040293,0.399719,0.070068,0.93457,-0.18692,0.822449,-2.086029,1.0,1.0,4.0,2.0,1.0,90.0,,308,LHS,Male,Yes,Right
