,Unnamed: 0,TimeStamp,Delta_TP9,Delta_AF7,Delta_AF8,Delta_TP10,Theta_TP9,Theta_AF7,Theta_AF8,Theta_TP10,Alpha_TP9,Alpha_AF7,Alpha_AF8,Alpha_TP10,Beta_TP9,Beta_AF7,Beta_AF8,Beta_TP10,Gamma_TP9,Gamma_AF7,Gamma_AF8,Gamma_TP10,RAW_TP9,RAW_AF7,RAW_AF8,RAW_TP10,AUX_RIGHT,Accelerometer_X,Accelerometer_Y,Accelerometer_Z,Gyro_X,Gyro_Y,Gyro_Z,HeadBandOn,HSI_TP9,HSI_AF7,HSI_AF8,HSI_TP10,Battery,Elements,Participant,Test,Gender,English,Dominance
0,0,2022-11-01 21:58:23.859,,,,,,,,,,,,,,,,,,,,,,,,,,,,,,,,,,,,,,/muse/event/connected Muse-9E89,317,LHS,Male,Yes,Left
1,1,2022-11-01 21:58:23.890,0.82156485,0.0,0.0,0.6352697,0.47795102,0.0,0.0,0.34650683,0.56486464,0.0,0.0,0.8015655,0.5228733,0.0,0.0,0.5724956,0.35797834,0.0,0.0,0.47033536,813.1135,1143.1135,740.989,844.1392,705.5311,0.6885986328125,0.195556640625,0.73199462890625,2.714080810546875,-4.628143310546875,0.07476806640625,1.0,1.0,4.0,1.0,1.0,65.0,,317,LHS,Male,Yes,Left
2,2,2022-11-01 21:58:24.916,0.39538494,0.0,0.0,0.43661913,0.024846343,0.0,0.0,0.14009443,0.21590917,0.0,0.0,0.6619785,0.32471332,0.0,0.0,0.6293132,0.098759644,0.0,0.0,0.46900025,808.2784,981.13556,698.68134,840.9158,964.21246,0.69622802734375,0.217041015625,0.7244873046875,0.979461669921875,-7.8955078125,-4.41131591796875,1.0,1.0,4.0,1.0,1.0,65.0,,317,LHS,Male,Yes,Left
3,3,2022-11-01 21:58:25.931,0.38569975,0.0,0.0,0.530072,0.15042065,0.0,0.0,0.32059723,0.19307736,0.0,0.0,0.50700474,0.38791507,0.0,0.0,0.5934717,0.0648457,0.0,0.0,0.46350038,814.3223,452.08792,410.18314,837.28937,765.16486,0.7203369140625,0.16851806640625,0.69012451171875,-1.667327880859375,-8.381500244140625,-2.75146484375,1.0,1.0,4.0,1.0,1.0,65.0,,317,LHS,Male,Yes,Left
4,4,2022-11-01 21:58:26.947,0.47906822,0.0,0.0,0.28562704,0.16646267,0.0,0.0,0.48962677,0.45384395,0.0,0.0,0.7489376,0.4100374,0.0,0.0,0.52307534,0.20450792,0.0,0.0,0.3526358,800.6227,672.49084,435.56778,773.22345,776.8498,0.74896240234375,0.1710205078125,0.6783447265625,3.611297607421875,-7.065582275390625,0.530853271484375,1.0,1.0,4.0,1.0,1.0,65.0,,317,LHS,Male,Yes,Left
5,5,2022-11-01 21:58:27.978,0.6589466,0.0,0.0,0.6867681,0.48561653,0.0,0.0,0.27537167,0.5116984,0.0,0.0,0.7282134,0.42970958,0.0,0.0,0.48050556,0.35576028,0.0,0.0,0.28284004,807.0696,917.47253,585.05493,781.28204,664.0293,0.75921630859375,0.20025634765625,0.67645263671875,0.680389404296875,-7.155303955078125,-4.59075927734375,1.0,1.0,4.0,1.0,1.0,65.0,,317,LHS,Male,Yes,Left
6,6,2022-11-01 21:58:28.998,0.5661046,0.0,0.0,0.7428058,0.66014534,0.0,0.0,0.32964456,0.31443417,0.0,0.0,0.69436395,0.40762013,0.0,0.0,0.43883827,0.321813,0.0,0.0,0.39952353,816.7399,182.9304,363.04028,774.43225,1023.0403,0.74822998046875,0.231201171875,0.65826416015625,8.194580078125,-3.775787353515625,3.94775390625,1.0,1.0,4.0,1.0,1.0,65.0,,317,LHS,Male,Yes,Left
7,7,2022-11-01 21:58:30.016,0.34804147,0.0,0.0,0.46781918,0.49642897,0.0,0.0,0.55574477,0.5098346,0.0,0.0,0.74081993,0.49598885,0.0,0.0,0.41368416,0.34763968,0.0,0.0,0.355913,794.17584,795.78754,487.14285,762.74725,692.6374,0.72698974609375,0.25445556640625,0.659912109375,-1.98883056640625,-6.56463623046875,-4.209442138671875,1.0,1.0,4.0,1.0,1.0,65.0,,317,LHS,Male,Yes,Left
8,8,2022-11-01 21:58:31.056,0.40447992,0.0,0.0,0.36037678,0.10094553,0.0,0.0,0.3959887,0.553843,0.0,0.0,0.618594,0.48573735,0.0,0.0,0.39989924,0.35476485,0.0,0.0,0.40442717,792.1612,1017.8022,545.9707,780.87915,667.6557,0.7716064453125,0.2469482421875,0.62322998046875,6.138458251953125,-7.588958740234375,1.203765869140625,1.0,1.0,4.0,1.0,1.0,65.0,,317,LHS,Male,Yes,Left
9,9,2022-11-01 21:58:32.079,0.27213857,0.0,0.0,0.13361365,0.19901115,0.0,0.0,0.18400678,0.3473944,0.0,0.0,0.44825974,0.32085863,0.0,0.0,0.5036827,0.27078936,0.0,0.0,0.3202661,821.1722,758.71796,538.71796,781.28204,856.63007,0.747802734375,0.24749755859375,0.64166259765625,5.21881103515625,-2.691650390625,1.069183349609375,1.0,1.0,4.0,1.0,1.0,65.0,,317,LHS,Male,Yes,Left
10,10,2022-11-01 21:58:33.114,0.5046828,0.0,0.0,0.2948337,0.27453434,0.0,0.0,0.33562747,0.4797761,0.0,0.0,0.49851248,0.37273374,0.0,0.0,0.3627445,0.15268189,0.0,0.0,0.28017247,811.0989,980.32965,614.0659,863.47986,782.49084,0.784912109375,0.22174072265625,0.62890625,-2.88604736328125,-8.441314697265625,-1.682281494140625,1.0,1.0,4.0,1.0,1.0,65.0,,317,LHS,Male,Yes,Left
11,11,2022-11-01 21:58:34.129,0.29798135,0.0,0.0,0.461819,0.4938583,0.0,0.0,0.5492341,0.63196695,0.0,0.0,0.7765132,0.3286014,0.0,0.0,0.54429555,0.015879292,0.0,0.0,0.43350762,816.7399,738.97437,556.8498,848.97437,798.60803,0.748291015625,0.26373291015625,0.6400146484375,9.49554443359375,-0.19439697265625,6.676788330078125,1.0,1.0,4.0,1.0,1.0,65.0,,317,LHS,Male,Yes,Left
12,12,2022-11-01 21:58:35.161,0.7577675,0.0,0.0,0.695754,0.4828669,0.0,0.0,0.5902932,0.5510889,0.0,0.0,0.8123337,0.36905885,0.0,0.0,0.59308314,0.27772325,0.0,0.0,0.2835992,797.3993,925.5311,598.3516,803.44324,603.9927,0.740234375,0.2655029296875,0.6485595703125,4.88983154296875,-5.4132080078125,2.564544677734375,1.0,1.0,4.0,1.0,1.0,65.0,,317,LHS,Male,Yes,Left
13,13,2022-11-01 21:58:36.179,0.64109224,0.0,0.0,0.59734327,0.20196581,0.0,0.0,0.12554955,0.34495255,0.0,0.0,0.7221912,0.37951973,0.0,0.0,0.5982872,0.3510024,0.0,0.0,0.32697275,812.3077,938.8278,674.90845,830.84247,739.3773,0.76727294921875,0.245849609375,0.63153076171875,4.568328857421875,-0.478515625,2.594451904296875,1.0,1.0,4.0,1.0,1.0,65.0,,317,LHS,Male,Yes,Left
14,14,2022-11-01 21:58:37.195,0.6706831,0.0,0.0,0.57935363,0.23782189,0.0,0.0,0.22724521,0.25112963,0.0,0.0,0.6955066,0.3951158,0.0,0.0,0.60534245,0.3596267,0.0,0.0,0.313108,805.8608,738.1685,502.45422,804.65204,772.01465,0.74639892578125,0.24884033203125,0.64141845703125,1.86920166015625,-6.258087158203125,-3.30474853515625,1.0,1.0,4.0,1.0,1.0,65.0,,317,LHS,Male,Yes,Left
15,15,2022-11-01 21:58:38.187,,,,,,,,,,,,,,,,,,,,,,,,,,,,,,,,,,,,,,/muse/elements/blink,317,LHS,Male,Yes,Left
16,16,2022-11-01 21:58:38.213,0.81631714,0.0,0.0,0.69628644,0.39915147,0.0,0.0,0.39749935,0.29156148,0.0,0.0,0.79227245,0.48979276,0.0,0.0,0.5942841,0.41386676,0.0,0.0,0.1308139,769.59705,740.18317,554.43225,761.9414,782.0879,0.74017333984375,0.21246337890625,0.6597900390625,1.532745361328125,-4.2767333984375,-1.114044189453125,1.0,1.0,4.0,1.0,1.0,65.0,,317,LHS,Male,Yes,Left
17,17,2022-11-01 21:58:39.148,,,,,,,,,,,,,,,,,,,,,,,,,,,,,,,,,,,,,,/muse/elements/blink,317,LHS,Male,Yes,Left
18,18,2022-11-01 21:58:39.239,0.4999864,0.0,0.0,0.24489875,0.24533324,0.0,0.0,0.4805684,-0.06151549,0.0,0.0,0.21191476,0.5357218,0.0,0.0,0.44146636,0.3818836,0.0,0.0,0.08929565,809.0842,915.8608,605.2015,753.47986,580.6227,0.752197265625,0.215087890625,0.65106201171875,4.17205810546875,-4.56085205078125,-0.04486083984375,1.0,1.0,4.0,1.0,1.0,65.0,,317,LHS,Male,Yes,Left
