,TimeStamp,Delta_TP9,Delta_AF7,Delta_AF8,Delta_TP10,Theta_TP9,Theta_AF7,Theta_AF8,Theta_TP10,Alpha_TP9,Alpha_AF7,Alpha_AF8,Alpha_TP10,Beta_TP9,Beta_AF7,Beta_AF8,Beta_TP10,Gamma_TP9,Gamma_AF7,Gamma_AF8,Gamma_TP10,RAW_TP9,RAW_AF7,RAW_AF8,RAW_TP10,AUX_RIGHT,Accelerometer_X,Accelerometer_Y,Accelerometer_Z,Gyro_X,Gyro_Y,Gyro_Z,HeadBandOn,HSI_TP9,HSI_AF7,HSI_AF8,HSI_TP10,Battery,Elements,Participant,Test,Gender,English,Dominance
0,2022-11-01 15:05:14.988,,,,,,,,,,,,,,,,,,,,,,,,,,,,,,,,,,,,,,/muse/event/connected Muse-9E89,309,RHC,Female,No,Right
1,2022-11-01 15:05:15.008,0.43236256,0.52502096,0.20434304,0.85879064,0.34033817,0.46557075,0.041420773,0.9175736,0.86821795,0.7514667,0.12953542,0.69747627,0.9407589,1.1430285,0.6864174,0.85009503,0.69502157,0.7027782,0.93173873,1.0173738,810.696,983.1502,644.68866,784.90845,621.31866,0.65350341796875,-0.1494140625,0.79156494140625,-1.68975830078125,-8.7628173828125,0.777587890625,1.0,2.0,4.0,1.0,2.0,75.0,,309,RHC,Female,No,Right
2,2022-11-01 15:05:16.035,0.38009244,0.52502096,0.20434304,0.54608774,0.19088686,0.46557075,0.041420773,0.7931469,0.7555549,0.7514667,0.12953542,0.9237326,0.8541401,1.1430285,0.6864174,1.0986246,0.79951334,0.7027782,0.93173873,1.0939915,832.0513,564.5055,501.24542,836.08057,805.05493,0.62371826171875,-0.1536865234375,0.775390625,2.743988037109375,-3.043060302734375,-0.49346923828125,1.0,1.0,4.0,2.0,1.0,75.0,,309,RHC,Female,No,Right
3,2022-11-01 15:05:17.039,0.5137629,0.52502096,0.20434304,0.57923555,0.88353866,0.46557075,0.041420773,0.8182737,0.9085377,0.7514667,0.12953542,0.8598463,0.8638296,1.1430285,0.6864174,1.0665909,1.010349,0.7027782,0.93173873,1.0781014,807.8755,618.49817,546.3736,819.15753,927.5458,0.6904296875,-0.16510009765625,0.7470703125,1.338348388671875,-7.8955078125,1.68975830078125,1.0,1.0,4.0,2.0,1.0,75.0,,309,RHC,Female,No,Right
4,2022-11-01 15:05:18.071,0.40788224,0.52502096,0.20434304,0.27352914,0.47816062,0.46557075,0.041420773,0.35375762,0.7690587,0.7514667,0.12953542,1.028431,0.75368786,1.1430285,0.6864174,1.4246434,0.9099006,0.7027782,0.93173873,1.2442839,800.6227,919.0842,697.47253,822.7839,822.381,0.70257568359375,-0.16632080078125,0.74627685546875,0.7476806640625,-6.512298583984375,0.904693603515625,1.0,1.0,4.0,2.0,1.0,75.0,,309,RHC,Female,No,Right
5,2022-11-01 15:05:19.088,0.5415474,0.52502096,0.20434304,0.7300901,0.3166108,0.46557075,0.041420773,0.7905935,0.877857,0.7514667,0.12953542,1.1461796,0.81036466,1.1430285,0.6864174,1.3159094,0.79741764,0.7027782,0.93173873,1.1831698,818.7546,1081.4652,844.5421,794.17584,832.4542,0.66912841796875,-0.18157958984375,0.71990966796875,1.973876953125,-6.901092529296875,3.1103515625,1.0,1.0,4.0,2.0,1.0,75.0,,309,RHC,Female,No,Right
6,2022-11-01 15:05:20.105,1.0331064,0.52502096,0.20434304,1.1627734,0.7325365,0.46557075,0.041420773,1.1105969,1.1234425,0.7514667,0.12953542,1.1136085,1.1069368,1.1430285,0.6864174,1.1806741,0.84212184,0.7027782,0.93173873,1.1680226,828.8278,752.27106,609.2308,819.5604,669.67035,0.671630859375,-0.17425537109375,0.78375244140625,0.560760498046875,-4.478607177734375,-2.452392578125,1.0,1.0,4.0,2.0,1.0,75.0,,309,RHC,Female,No,Right
7,2022-11-01 15:05:20.734,,,,,,,,,,,,,,,,,,,,,,,,,,,,,,,,,,,,,,/muse/elements/blink,309,RHC,Female,No,Right
8,2022-11-01 15:05:21.132,0.58704966,0.52502096,0.20434304,0.7363111,0.5087389,0.46557075,0.041420773,0.7176522,0.8265642,0.7514667,0.12953542,1.0433165,1.1074384,1.1430285,0.6864174,1.0668418,1.0038646,0.7027782,0.93173873,1.1515002,817.5458,868.315,785.7143,788.5348,648.71796,0.64404296875,-0.18450927734375,0.74346923828125,4.912261962890625,-1.353302001953125,1.218719482421875,1.0,1.0,4.0,2.0,1.0,75.0,,309,RHC,Female,No,Right
9,2022-11-01 15:05:22.146,0.6065205,0.52502096,0.20434304,0.77714765,0.33186126,0.46557075,0.041420773,0.8187474,0.46932623,0.7514667,0.12953542,0.9603551,1.0569512,1.1430285,0.6864174,0.9736941,1.1513603,0.7027782,0.93173873,1.137716,817.5458,982.3443,854.61536,800.2198,701.0989,0.64501953125,-0.19891357421875,0.743896484375,4.11224365234375,-3.940277099609375,0.83740234375,1.0,1.0,4.0,2.0,1.0,75.0,,309,RHC,Female,No,Right
10,2022-11-01 15:05:23.167,0.94057935,0.52502096,0.20434304,0.7548497,0.7124596,0.46557075,0.041420773,0.879125,1.1463679,0.7514667,0.12953542,1.1882024,0.97805685,1.1430285,0.6864174,1.2959685,0.875193,0.7027782,0.93173873,1.0704628,799.41394,835.2747,805.4579,828.8278,828.022,0.53131103515625,-0.174560546875,0.8162841796875,1.9140625,4.29168701171875,-6.89361572265625,1.0,1.0,4.0,2.0,1.0,75.0,,309,RHC,Female,No,Right
11,2022-11-01 15:05:23.505,,,,,,,,,,,,,,,,,,,,,,,,,,,,,,,,,,,,,,/muse/elements/blink,309,RHC,Female,No,Right
12,2022-11-01 15:05:23.676,,,,,,,,,,,,,,,,,,,,,,,,,,,,,,,,,,,,,,/muse/elements/blink,309,RHC,Female,No,Right
13,2022-11-01 15:05:24.180,0.1775964,0.52502096,0.20434304,0.79870045,-0.11989264,0.46557075,0.041420773,0.887588,0.71284986,0.7514667,0.12953542,1.2038194,0.9679215,1.1430285,0.6864174,1.3352568,0.83874196,0.7027782,0.93173873,1.0849829,827.619,666.4469,725.6777,841.7216,703.1135,0.647705078125,-0.20184326171875,0.750244140625,-0.441131591796875,-3.626251220703125,-1.48040771484375,1.0,1.0,4.0,2.0,1.0,75.0,,309,RHC,Female,No,Right
14,2022-11-01 15:05:25.211,0.1775964,0.52502096,0.20434304,0.9539183,-0.11989264,0.46557075,0.041420773,0.96633023,0.71284986,0.7514667,0.12953542,1.1080142,0.9679215,1.1430285,0.6864174,1.3748224,0.83874196,0.7027782,0.93173873,1.0579222,815.5311,1032.7106,813.91943,834.0659,761.13556,0.64691162109375,-0.1943359375,0.75079345703125,5.914154052734375,-3.895416259765625,0.19439697265625,1.0,1.0,4.0,2.0,1.0,75.0,,309,RHC,Female,No,Right
15,2022-11-01 15:05:26.231,1.023225,0.52502096,0.20434304,0.91266125,1.0153582,0.46557075,0.041420773,1.077748,1.180564,0.7514667,0.12953542,1.1491691,0.8770326,1.1430285,0.6864174,1.1648155,0.6914897,0.7027782,0.93173873,1.0765055,811.50183,785.31134,797.3993,790.14655,626.1539,0.62701416015625,-0.1876220703125,0.77789306640625,5.435638427734375,-4.8150634765625,-1.8243408203125,1.0,1.0,4.0,2.0,1.0,75.0,,309,RHC,Female,No,Right
16,2022-11-01 15:05:26.716,,,,,,,,,,,,,,,,,,,,,,,,,,,,,,,,,,,,,,/muse/elements/blink,309,RHC,Female,No,Right
17,2022-11-01 15:05:27.251,0.6784147,0.52502096,0.20434304,0.86509395,0.6933156,0.46557075,0.041420773,0.81887656,1.0534793,0.7514667,0.12953542,1.0844594,0.8655111,1.1430285,0.6864174,1.225839,0.9295964,0.7027782,0.93173873,1.2393264,802.23444,795.38464,784.5055,854.61536,781.28204,0.6492919921875,-0.2252197265625,0.72662353515625,3.46923828125,-4.628143310546875,1.45050048828125,1.0,1.0,4.0,2.0,1.0,75.0,,309,RHC,Female,No,Right
18,2022-11-01 15:05:28.273,0.5120962,0.52502096,0.20434304,0.8943855,0.22773768,0.46557075,0.041420773,0.41120788,0.45062804,0.7514667,0.12953542,0.9478782,1.0954412,1.1430285,0.6864174,1.2710335,0.79126143,0.7027782,0.93173873,1.3669018,836.4835,844.1392,764.7619,838.0952,711.5751,0.6279296875,-0.18914794921875,0.75830078125,4.3963623046875,1.757049560546875,-3.745880126953125,1.0,1.0,4.0,2.0,1.0,75.0,,309,RHC,Female,No,Right
19,2022-11-01 15:05:29.283,0.6117794,0.52502096,0.20434304,0.66034067,0.64021015,0.46557075,0.041420773,0.8041393,0.95340633,0.7514667,0.12953542,1.3929952,1.2122201,1.1430285,0.6864174,1.3686968,0.9251513,0.7027782,0.93173873,1.5175468,837.6923,900.14655,852.1978,834.87177,650.7326,0.686767578125,-0.24249267578125,0.713623046875,-0.246734619140625,-5.3533935546875,0.889739990234375,1.0,1.0,4.0,2.0,1.0,75.0,,309,RHC,Female,No,Right
20,2022-11-01 15:05:30.314,0.64566916,0.52502096,0.20434304,0.8619233,0.6704273,0.46557075,0.041420773,0.91077894,1.0135363,0.7514667,0.12953542,1.3660824,1.2580571,1.1430285,0.6864174,1.4630477,0.9767194,0.7027782,0.93173873,1.55994,771.6117,832.0513,780.4762,780.4762,765.16486,0.68212890625,-0.23260498046875,0.75250244140625,9.97406005859375,-12.613372802734377,1.9439697265625,1.0,1.0,4.0,2.0,1.0,75.0,,309,RHC,Female,No,Right
21,2022-11-01 15:05:30.379,,,,,,,,,,,,,,,,,,,,,,,,,,,,,,,,,,,,,,/muse/elements/blink,309,RHC,Female,No,Right
22,2022-11-01 15:05:31.345,-0.1759736,0.52502096,0.20434304,1.5224255,0.28801814,0.46557075,0.041420773,1.7602539,0.60352683,0.7514667,0.12953542,1.0583388,1.1203939,1.1430285,0.6864174,1.516531,1.0278547,0.7027782,0.93173873,1.2049283,774.0293,674.10254,682.96704,792.5641,868.71796,0.6993408203125,-0.2354736328125,0.72027587890625,5.316009521484375,-7.888031005859375,1.60003662109375,1.0,1.0,4.0,2.0,1.0,75.0,,309,RHC,Female,No,Right
23,2022-11-01 15:05:31.676,,,,,,,,,,,,,,,,,,,,,,,,,,,,,,,,,,,,,,/muse/elements/blink,309,RHC,Female,No,Right
24,2022-11-01 15:05:32.356,-0.1759736,0.52502096,0.20434304,1.6521642,0.28801814,0.46557075,0.041420773,1.8623496,0.60352683,0.7514667,0.12953542,1.0286505,1.1203939,1.1430285,0.6864174,1.5571846,1.0278547,0.7027782,0.93173873,1.2420974,826.8132,944.4689,821.978,776.04395,654.7619,0.70166015625,-0.2261962890625,0.7115478515625,2.9010009765625,-7.559051513671875,1.9439697265625,1.0,1.0,4.0,2.0,1.0,80.0,,309,RHC,Female,No,Right
25,2022-11-01 15:05:33.372,-0.1759736,0.52502096,0.20434304,1.6521642,0.28801814,0.46557075,0.041420773,1.8623496,0.60352683,0.7514667,0.12953542,1.0286505,1.1203939,1.1430285,0.6864174,1.5571846,1.0278547,0.7027782,0.93173873,1.2420974,824.7985,861.8681,811.50183,826.4103,597.5458,0.673583984375,-0.21563720703125,0.73968505859375,4.119720458984375,-7.1478271484375,0.157012939453125,1.0,1.0,4.0,2.0,1.0,80.0,,309,RHC,Female,No,Right
26,2022-11-01 15:05:34.390,-0.1759736,0.52502096,0.20434304,0.8049379,0.28801814,0.46557075,0.041420773,0.51139694,0.60352683,0.7514667,0.12953542,0.80137235,1.1203939,1.1430285,0.6864174,1.3739102,1.0278547,0.7027782,0.93173873,1.2813094,766.77655,576.99634,616.8865,685.78754,722.4542,0.47125244140625,-0.00201416015625,0.821044921875,3.48419189453125,-24.8828125,-50.46844482421875,1.0,1.0,4.0,2.0,1.0,80.0,,309,RHC,Female,No,Right
27,2022-11-01 15:05:34.670,,,,,,,,,,,,,,,,,,,,,,,,,,,,,,,,,,,,,,/muse/elements/blink,309,RHC,Female,No,Right
28,2022-11-01 15:05:35.008,,,,,,,,,,,,,,,,,,,,,,,,,,,,,,,,,,,,,,/muse/elements/blink,309,RHC,Female,No,Right
29,2022-11-01 15:05:35.175,,,,,,,,,,,,,,,,,,,,,,,,,,,,,,,,,,,,,,/muse/elements/blink,309,RHC,Female,No,Right
