,TimeStamp,Delta_TP9,Delta_AF7,Delta_AF8,Delta_TP10,Theta_TP9,Theta_AF7,Theta_AF8,Theta_TP10,Alpha_TP9,Alpha_AF7,Alpha_AF8,Alpha_TP10,Beta_TP9,Beta_AF7,Beta_AF8,Beta_TP10,Gamma_TP9,Gamma_AF7,Gamma_AF8,Gamma_TP10,RAW_TP9,RAW_AF7,RAW_AF8,RAW_TP10,AUX_RIGHT,Accelerometer_X,Accelerometer_Y,Accelerometer_Z,Gyro_X,Gyro_Y,Gyro_Z,HeadBandOn,HSI_TP9,HSI_AF7,HSI_AF8,HSI_TP10,Battery,Elements,Participant,Test,Gender,English,Dominance
0,2022-11-01 21:36:47.124,,,,,,,,,,,,,,,,,,,,,,,,,,,,,,,,,,,,,,/muse/event/connected Muse-9E89,315,RHC,Male,Yes,Right
1,2022-11-01 21:36:47.147,0.78869575,0.0,0.34727687,0.61496305,0.353044,0.0,0.18955675,0.45272785,0.58906835,0.0,0.5596024,0.7651878,0.5443815,0.0,1.0753511,0.771725,0.3152796,0.0,1.1046554,0.577982,819.15753,721.2454,771.6117,794.9817,646.30035,0.1336669921875,-0.31219482421875,0.9639892578125,-6.1309814453125,-7.962799072265625,-0.88226318359375,1.0,1.0,4.0,1.0,1.0,70.0,,315,RHC,Male,Yes,Right
2,2022-11-01 21:36:48.175,1.1973294,0.0,0.26687986,0.7720874,0.4695049,0.0,0.33701497,0.5010582,0.47325626,0.0,0.6970268,0.758625,0.43424585,0.0,1.158533,0.9222739,0.3200389,0.0,1.0674863,0.5831761,820.7692,586.26373,724.4689,766.77655,922.71063,0.19854736328125,-0.27301025390625,0.957763671875,5.704803466796875,-2.9010009765625,1.854248046875,1.0,1.0,4.0,1.0,1.0,70.0,,315,RHC,Male,Yes,Right
3,2022-11-01 21:36:49.200,1.0070647,0.0,0.23778558,0.7720874,0.27655026,0.0,0.32017156,0.5010582,0.42243123,0.0,0.5274919,0.758625,0.34392193,0.0,1.2077568,0.9222739,0.27097523,0.0,1.0416008,0.5831761,815.5311,661.2088,745.82416,772.4176,716.0073,0.16986083984375,-0.27178955078125,0.9632568359375,2.474822998046875,-4.0374755859375,0.904693603515625,1.0,1.0,4.0,1.0,1.0,70.0,,315,RHC,Male,Yes,Right
4,2022-11-01 21:36:50.214,0.5968856,0.0,0.3100042,0.7135021,0.2915597,0.0,0.17805128,0.37894526,0.29397655,0.0,0.63087046,0.57779145,0.3204504,0.0,1.1038595,0.8699887,0.1753108,0.0,0.7976967,1.0437105,834.0659,743.8095,774.0293,834.0659,752.27106,0.157470703125,-0.24456787109375,0.9736328125,3.327178955078125,-3.7384033203125,-0.530853271484375,1.0,1.0,4.0,1.0,1.0,70.0,,315,RHC,Male,Yes,Right
5,2022-11-01 21:36:51.237,0.5973368,0.0,0.3100042,0.59198666,0.10856857,0.0,0.17805128,0.40396315,0.35337952,0.0,0.63087046,0.5992278,0.3779968,0.0,1.1038595,0.78902704,-0.017090753,0.0,0.7976967,0.9684256,823.1868,860.65936,774.0293,830.84247,751.4652,0.1536865234375,-0.2408447265625,0.985107421875,3.207550048828125,-5.809478759765625,-0.70281982421875,1.0,1.0,4.0,1.0,1.0,70.0,,315,RHC,Male,Yes,Right
6,2022-11-01 21:36:52.254,0.84026057,0.0,0.3100042,1.0504769,0.11842976,0.0,0.17805128,0.2304801,0.29739815,0.0,0.63087046,0.6658648,0.37606794,0.0,1.1038595,0.9471246,-0.14277318,0.0,0.7976967,0.71667695,823.1868,744.21246,770.0,843.3333,855.82416,0.12445068359375,-0.2298583984375,0.9696044921875,4.77020263671875,-2.2430419921875,2.0635986328125,1.0,1.0,4.0,1.0,1.0,70.0,,315,RHC,Male,Yes,Right
7,2022-11-01 21:36:53.268,0.41696525,0.0,-0.08880368,0.7885498,-0.062085327,0.0,0.048503906,0.29039177,0.60542244,0.0,0.48520842,0.5714432,0.391724,0.0,0.94657063,0.86391985,0.067850016,0.0,0.58732235,0.90734893,824.3956,497.21613,781.685,890.07324,840.5128,0.1451416015625,-0.22589111328125,0.98065185546875,3.24493408203125,-4.687957763671875,-0.097198486328125,1.0,1.0,4.0,1.0,1.0,70.0,,315,RHC,Male,Yes,Right
8,2022-11-01 21:36:53.711,,,,,,,,,,,,,,,,,,,,,,,,,,,,,,,,,,,,,,/muse/elements/blink,315,RHC,Male,Yes,Right
9,2022-11-01 21:36:54.301,0.5117557,0.0,0.31665528,0.5350956,-0.021934006,0.0,0.054074083,0.39013138,0.51739264,0.0,0.39634895,0.4985177,0.38570598,0.0,0.83127964,0.86380106,-0.037854686,0.0,0.6421871,1.0131438,819.5604,801.8315,782.8938,848.1685,732.1245,0.16156005859375,-0.24560546875,0.979736328125,2.654266357421875,-5.450592041015625,0.441131591796875,1.0,1.0,4.0,1.0,1.0,70.0,,315,RHC,Male,Yes,Right
10,2022-11-01 21:36:55.334,0.089797795,0.0,0.07006121,-0.15936475,0.10918473,0.0,-0.2369732,0.33194977,0.32622162,0.0,0.30399463,0.5417152,0.41844812,0.0,1.0747228,0.9099827,0.1567886,0.0,0.7032715,0.661319,815.9341,792.96704,788.1319,842.1245,780.07324,0.1416015625,-0.236572265625,0.97821044921875,3.431854248046875,-3.312225341796875,1.24114990234375,1.0,1.0,4.0,1.0,1.0,70.0,,315,RHC,Male,Yes,Right
11,2022-11-01 21:36:56.348,0.23042883,0.0,0.30584612,0.18574567,-0.12363953,0.0,-0.16312903,0.15887327,0.44295084,0.0,0.49324283,0.63559353,0.38609868,0.0,0.93172795,0.92432475,0.01285151,0.0,0.6315386,0.961897,817.9487,332.41757,760.7326,861.8681,914.2491,0.1314697265625,-0.22967529296875,0.98284912109375,3.566436767578125,-3.0804443359375,-0.3887939453125,1.0,1.0,4.0,1.0,1.0,70.0,,315,RHC,Male,Yes,Right
12,2022-11-01 21:36:57.365,0.3442506,0.0,0.7168385,0.5673986,-0.03932963,0.0,-0.06621661,0.20722064,0.5138403,0.0,0.5166178,0.56280345,0.37321717,0.0,0.73270833,0.79713386,0.017287185,0.0,0.5097929,0.9312778,823.1868,655.56775,771.6117,845.7509,792.96704,0.1436767578125,-0.23419189453125,0.98486328125,2.2430419921875,-5.33843994140625,-0.01495361328125,1.0,1.0,2.0,1.0,1.0,70.0,,315,RHC,Male,Yes,Right
13,2022-11-01 21:36:58.386,0.10818411,0.0,0.47144207,0.4435245,0.36377558,0.0,-0.15142092,0.26217553,0.5251926,0.0,0.222663,0.5629867,0.3162019,0.0,0.827886,0.7927599,-0.009047136,0.0,0.6399053,0.9837963,807.47253,802.6374,770.80585,798.60803,637.8388,0.13922119140625,-0.23199462890625,0.97900390625,3.1103515625,-4.927215576171875,0.485992431640625,1.0,1.0,4.0,1.0,1.0,70.0,,315,RHC,Male,Yes,Right
14,2022-11-01 21:36:59.400,0.30363172,0.0,-0.006179744,0.12683463,0.26691252,0.0,-0.19532694,0.014651864,0.25820535,0.0,0.38313884,0.59362787,0.3884509,0.0,0.7670426,0.81018883,0.0636402,0.0,0.59371024,1.0830424,863.47986,701.0989,791.3553,812.71063,881.6117,0.139404296875,-0.23651123046875,0.95355224609375,-1.6748046875,-0.94207763671875,-2.61688232421875,1.0,1.0,4.0,1.0,1.0,70.0,,315,RHC,Male,Yes,Right
15,2022-11-01 21:37:00.412,1.1909603,0.0,0.6648516,0.077662624,0.61060625,0.0,0.1351545,-0.24011122,0.61081326,0.0,0.3674086,0.5274427,0.40756917,0.0,0.6441613,0.7667773,0.048119932,0.0,0.2851711,1.1375617,814.7253,446.04395,779.2674,787.326,759.5238,0.17041015625,-0.262451171875,0.97552490234375,3.289794921875,-4.9945068359375,0.321502685546875,1.0,1.0,4.0,1.0,1.0,70.0,,315,RHC,Male,Yes,Right
16,2022-11-01 21:37:01.426,0.9013651,0.0,1.0848856,0.74115044,0.52437365,0.0,0.7163907,0.66101724,0.6443806,0.0,0.46640638,0.93131757,0.28613496,0.0,0.58244526,1.039242,-0.0578559,0.0,0.052930538,0.79783434,818.3516,770.40295,770.40295,755.89746,651.53845,0.1522216796875,-0.26776123046875,0.96142578125,4.127197265625,-4.23187255859375,-0.13458251953125,1.0,1.0,4.0,1.0,1.0,70.0,,315,RHC,Male,Yes,Right
17,2022-11-01 21:37:02.473,0.75600344,0.0,0.78501904,0.49431196,0.1618307,0.0,0.30312464,0.44013026,0.5633691,0.0,0.54850787,0.8621283,0.18446444,0.0,0.6684418,1.1176615,-0.013269163,0.0,0.12098451,0.6990037,811.9048,745.0183,775.2381,769.59705,608.8278,0.1531982421875,-0.2559814453125,0.96514892578125,2.37762451171875,-5.63751220703125,-0.0299072265625,1.0,1.0,4.0,1.0,1.0,70.0,,315,RHC,Male,Yes,Right
18,2022-11-01 21:37:03.486,0.6182366,0.0,0.41791734,0.6774973,0.22981445,0.0,0.22729357,0.16025844,0.41928074,0.0,0.49546885,0.4240445,0.22451103,0.0,0.6003597,0.96499985,-0.1219833,0.0,0.217598,0.9192697,838.49817,609.2308,786.9231,776.8498,745.0183,0.15850830078125,-0.25054931640625,0.9691162109375,2.579498291015625,-3.880462646484375,-0.500946044921875,1.0,1.0,4.0,1.0,1.0,70.0,,315,RHC,Male,Yes,Right
19,2022-11-01 21:37:04.493,1.2443602,0.0,1.1389598,0.816361,0.61527765,0.0,0.556623,0.3722861,0.81073684,0.0,0.5970355,0.38007566,0.3680276,0.0,0.6915981,0.93338186,0.08324205,0.0,0.16484983,1.049484,821.5751,332.82053,769.19415,830.4396,865.89746,0.1600341796875,-0.24444580078125,0.98382568359375,3.87298583984375,-6.81884765625,0.680389404296875,1.0,1.0,2.0,1.0,1.0,70.0,,315,RHC,Male,Yes,Right
20,2022-11-01 21:37:05.518,0.4874213,0.0,0.6158163,0.24260595,0.3083489,0.0,0.3579042,-0.10448964,0.91527915,0.0,0.68542284,0.1058441,0.32344264,0.0,0.64178383,0.9882971,0.025398592,0.0,0.54377854,0.7219676,805.4579,497.61905,773.6264,833.663,768.7912,0.15423583984375,-0.250244140625,0.96673583984375,2.73651123046875,-4.78515625,-0.299072265625,1.0,1.0,4.0,1.0,1.0,70.0,,315,RHC,Male,Yes,Right
21,2022-11-01 21:37:06.522,0.1797539,0.0,0.12419243,0.26079878,0.39743042,0.0,0.10717436,0.26898804,0.67706096,0.0,0.5268228,0.521224,0.1897804,0.0,0.7619902,1.063619,0.0004752018,0.0,0.54210174,0.8693207,821.5751,467.39926,771.2088,878.3883,855.42126,0.150146484375,-0.2476806640625,0.97802734375,2.998199462890625,-4.029998779296875,-1.248626708984375,1.0,1.0,4.0,1.0,1.0,70.0,,315,RHC,Male,Yes,Right
22,2022-11-01 21:37:07.531,0.15332302,0.0,-0.053497832,-0.027465615,0.15638348,0.0,0.16583706,0.32562134,0.45054728,0.0,0.3995799,0.7628011,0.28768453,0.0,0.7470982,1.0738683,-0.054385617,0.0,0.36023405,0.909123,836.4835,661.2088,755.09155,824.3956,662.8205,0.14349365234375,-0.25579833984375,0.97235107421875,1.6748046875,-3.147735595703125,1.772003173828125,1.0,1.0,4.0,1.0,1.0,70.0,,315,RHC,Male,Yes,Right
23,2022-11-01 21:37:08.551,0.27063087,0.0,-0.08068605,-0.3213381,-0.015775733,0.0,0.24372578,0.25667596,0.43868023,0.0,0.15152991,0.72323537,0.38719764,0.0,0.67529887,1.1285698,-0.23933569,0.0,0.40038812,0.7536552,815.5311,530.2564,779.2674,846.55676,784.5055,0.1854248046875,-0.26470947265625,1.00921630859375,2.6318359375,-6.86370849609375,5.256195068359375,1.0,1.0,4.0,1.0,1.0,75.0,,315,RHC,Male,Yes,Right
24,2022-11-01 21:37:09.558,0.2034757,0.0,-0.24810462,-0.3002549,-0.20659837,0.0,0.11854039,-0.06073154,0.28598785,0.0,0.10153567,0.61265063,0.26569423,0.0,0.61099946,1.1435388,-0.33175614,0.0,0.536173,0.749847,793.7729,199.85349,701.9048,811.50183,1073.4066,0.2012939453125,-0.0743408203125,1.00823974609375,8.231964111328125,-11.955413818359377,7.349700927734375,1.0,1.0,4.0,1.0,1.0,75.0,,315,RHC,Male,Yes,Right
