,TimeStamp,Delta_TP9,Delta_AF7,Delta_AF8,Delta_TP10,Theta_TP9,Theta_AF7,Theta_AF8,Theta_TP10,Alpha_TP9,Alpha_AF7,Alpha_AF8,Alpha_TP10,Beta_TP9,Beta_AF7,Beta_AF8,Beta_TP10,Gamma_TP9,Gamma_AF7,Gamma_AF8,Gamma_TP10,RAW_TP9,RAW_AF7,RAW_AF8,RAW_TP10,AUX_RIGHT,Accelerometer_X,Accelerometer_Y,Accelerometer_Z,Gyro_X,Gyro_Y,Gyro_Z,HeadBandOn,HSI_TP9,HSI_AF7,HSI_AF8,HSI_TP10,Battery,Elements,Participant,Test,Gender,English,Dominance
0,2022-11-01 14:39:45.772,,,,,,,,,,,,,,,,,,,,,,,,,,,,,,,,,,,,,,/muse/event/connected Muse-9E89,308,RHC,Male,Yes,Right
1,2022-11-01 14:39:46.773,0.9265136258151352,0.673451694875366,1.002184783550153,1.065454071907366,0.5508700409644048,0.2665823546576275,1.33555503682864,0.578314120844981,0.9826321067882317,0.4682607648821147,1.016726933074084,0.7305144405719792,0.4708242681121819,0.5130261559466529,0.7900429098500577,0.6564179963057691,0.4874359914052272,0.0975979924952434,0.3297933880274858,0.3399126409773175,808.6813186813187,819.96336996337,790.5494505494506,860.6593406593407,709.5604395604396,0.149475,-0.070129,1.0047,2.527161,-7.28241,1.94397,1.0,2.0,1.0,2.0,2.0,90.0,,308,RHC,Male,Yes,Right
2,2022-11-01 14:39:47.773,1.020097055832943,0.673451694875366,1.002184783550153,1.065454071907366,0.6314948874105341,0.2665823546576275,1.33555503682864,0.578314120844981,0.935438973831922,0.4682607648821147,1.016726933074084,0.7305144405719792,0.832922196499514,0.5130261559466529,0.7900429098500577,0.6564179963057691,0.5403808987677019,0.0975979924952434,0.3297933880274858,0.3399126409773175,839.3040293040293,801.025641025641,1426.776556776557,821.1721611721612,699.0842490842491,0.149963,-0.065674,1.007019,3.147736,-6.968384,0.471039,1.0,1.0,1.0,4.0,1.0,90.0,,308,RHC,Male,Yes,Right
3,2022-11-01 14:39:47.831,,,,,,,,,,,,,,,,,,,,,,,,,,,,,,,,,,,,,,/muse/elements/blink,308,RHC,Male,Yes,Right
4,2022-11-01 14:39:48.774,1.020097055832943,0.673451694875366,1.002184783550153,1.065454071907366,0.6314948874105341,0.2665823546576275,1.33555503682864,0.578314120844981,0.935438973831922,0.4682607648821147,1.016726933074084,0.7305144405719792,0.832922196499514,0.5130261559466529,0.7900429098500577,0.6564179963057691,0.5403808987677019,0.0975979924952434,0.3297933880274858,0.3399126409773175,800.6227106227107,811.0989010989011,790.5494505494506,793.7728937728938,784.5054945054945,0.164978,-0.063904,1.010376,3.379517,-5.577698,2.355194,1.0,1.0,1.0,4.0,1.0,90.0,,308,RHC,Male,Yes,Right
5,2022-11-01 14:39:49.773,1.020097055832943,0.1010905690277759,1.002184783550153,1.065454071907366,0.6314948874105341,-0.0641714656029234,1.33555503682864,0.578314120844981,0.935438973831922,0.276097140273263,1.016726933074084,0.7305144405719792,0.832922196499514,0.2445237993116087,0.7900429098500577,0.6564179963057691,0.5403808987677019,-0.0947933178508944,0.3297933880274858,0.3399126409773175,818.3516483516484,805.8608058608058,788.1318681318681,778.4615384615385,750.2564102564103,0.133484,-0.077148,0.990784,0.53833,-4.553375,-2.190704,1.0,1.0,1.0,1.0,1.0,90.0,,308,RHC,Male,Yes,Right
6,2022-11-01 14:39:50.778,1.032845210394164,0.7645722810889899,1.002184783550153,1.065454071907366,0.0603734731823845,0.1899171428527914,1.33555503682864,0.578314120844981,0.7125696221733254,0.232961135645346,1.016726933074084,0.7305144405719792,0.7415336649469484,0.3621546880324013,0.7900429098500577,0.6564179963057691,0.5592576850122625,-0.088795238995392,0.3297933880274858,0.3399126409773175,847.7655677655678,803.8461538461539,726.4835164835165,792.967032967033,764.3589743589744,0.12793,-0.080139,0.97522,4.022522,-1.375732,-0.979462,1.0,1.0,1.0,1.0,1.0,90.0,,308,RHC,Male,Yes,Right
7,2022-11-01 14:39:51.773,1.032845210394164,0.9368597760852356,1.002184783550153,1.065454071907366,0.0603734731823845,0.4129858984716787,1.33555503682864,0.578314120844981,0.7125696221733254,0.5116173548692105,1.016726933074084,0.7305144405719792,0.7415336649469484,0.3929991082857024,0.7900429098500577,0.6564179963057691,0.5592576850122625,0.1126943809656712,0.3297933880274858,0.3399126409773175,863.4798534798535,831.2454212454213,802.2344322344322,748.2417582417582,801.8315018315019,0.077576,-0.066772,1.008789,2.871094,-9.039459,-0.583191,1.0,1.0,1.0,1.0,1.0,90.0,,308,RHC,Male,Yes,Right
8,2022-11-01 14:39:52.772,1.032845210394164,0.8263308081812003,1.002184783550153,1.065454071907366,0.0603734731823845,0.2945643407002939,1.33555503682864,0.578314120844981,0.7125696221733254,0.3993928207042644,1.016726933074084,0.7305144405719792,0.7415336649469484,0.4633545401582841,0.7900429098500577,0.6564179963057691,0.5592576850122625,0.2536702683607892,0.3297933880274858,0.3399126409773175,803.8461538461539,817.1428571428571,839.7069597069598,808.2783882783883,684.981684981685,0.088257,-0.070557,1.027588,3.080444,-2.310333,0.343933,1.0,2.0,1.0,1.0,2.0,90.0,,308,RHC,Male,Yes,Right
9,2022-11-01 14:39:53.773,0.399144445302981,0.4125655428021335,1.002184783550153,1.065454071907366,0.5935311574129325,0.0042132933832269,1.33555503682864,0.578314120844981,0.7762779513772753,0.2362511384392721,1.016726933074084,0.7305144405719792,0.9323962812911056,0.2051426895196265,0.7900429098500577,0.6564179963057691,0.9543512262868428,0.2050366181624035,0.3297933880274858,0.3399126409773175,821.1721611721612,809.8901098901099,821.5750915750916,776.0439560439561,848.5714285714286,0.114075,-0.102722,1.002686,3.813171,-3.902893,-0.194397,1.0,1.0,1.0,1.0,1.0,90.0,,308,RHC,Male,Yes,Right
10,2022-11-01 14:39:54.781,0.7049111483802244,0.2925904731550598,1.002184783550153,1.065454071907366,0.2295084325085514,0.3735471776434275,1.33555503682864,0.578314120844981,0.6268923684634229,0.6107963323420432,1.016726933074084,0.7305144405719792,0.7885901846384761,0.3368995189576,0.7900429098500577,0.6564179963057691,0.7986381004121289,0.1244259913564844,0.3297933880274858,0.3399126409773175,814.3223443223443,794.981684981685,770.4029304029305,805.8608058608058,784.9084249084249,0.109131,-0.101196,1.003418,1.555176,-4.912262,-0.732727,1.0,1.0,1.0,1.0,1.0,90.0,,308,RHC,Male,Yes,Right
11,2022-11-01 14:39:55.773,0.7539610466281096,0.3442909570125683,1.002184783550153,1.065454071907366,0.3287424821616129,0.2708466286652375,1.33555503682864,0.578314120844981,0.6050728942559375,0.6025688816097815,1.016726933074084,0.7305144405719792,0.5790792582848,0.4124770757355604,0.7900429098500577,0.6564179963057691,0.7289561073556677,-0.0756665021828928,0.3297933880274858,0.3399126409773175,768.7912087912088,800.2197802197802,814.3223443223443,777.6556776556777,707.948717948718,0.138977,-0.095764,1.016907,1.166382,-7.835693,0.067291,1.0,1.0,1.0,1.0,1.0,90.0,,308,RHC,Male,Yes,Right
12,2022-11-01 14:39:56.772,0.6313068113400636,0.4535869465488994,1.002184783550153,1.065454071907366,0.3350210791197283,0.3502519989503137,1.33555503682864,0.578314120844981,0.5044102748783859,0.5879211568005597,1.016726933074084,0.7305144405719792,0.5857180349502329,0.4283196233282389,0.7900429098500577,0.6564179963057691,0.6311141610865365,0.226445316089848,0.3297933880274858,0.3399126409773175,790.1465201465202,803.4432234432235,777.6556776556777,763.5531135531136,757.5091575091575,0.117249,-0.088989,1.008179,4.710388,-1.248627,0.261688,1.0,1.0,1.0,1.0,1.0,90.0,,308,RHC,Male,Yes,Right
13,2022-11-01 14:39:57.772,0.6313068113400636,0.4491073802624013,1.002184783550153,1.065454071907366,0.3350210791197283,0.0012753309143105,1.33555503682864,0.578314120844981,0.5044102748783859,0.2033827126525763,1.016726933074084,0.7305144405719792,0.5857180349502329,0.2393145558959038,0.7900429098500577,0.6564179963057691,0.6311141610865365,0.3095595338255526,0.3297933880274858,0.3399126409773175,781.2820512820513,804.2490842490843,793.7728937728938,776.4468864468864,672.0879120879121,0.123596,-0.082397,1.009949,3.58139,-4.605713,1.577606,1.0,1.0,1.0,1.0,1.0,90.0,,308,RHC,Male,Yes,Right
14,2022-11-01 14:39:58.773,0.9375916156350392,0.6915107683129208,1.002184783550153,1.065454071907366,0.8247719940602716,0.1775005414738837,1.33555503682864,0.578314120844981,0.767040304299244,-0.1908172996109886,1.016726933074084,0.7305144405719792,0.8262725315947222,0.2514499901811468,0.7900429098500577,0.6564179963057691,1.080342324278899,0.2970431190184568,0.3297933880274858,0.3399126409773175,830.4395604395604,796.1904761904763,826.8131868131868,811.0989010989011,710.7692307692308,0.127136,-0.09613,1.002014,2.64679,-2.497253,-3.611298,1.0,1.0,1.0,1.0,1.0,90.0,,308,RHC,Male,Yes,Right
15,2022-11-01 14:39:59.722,,,,,,,,,,,,,,,,,,,,,,,,,,,,,,,,,,,,,,/muse/elements/jaw_clench,308,RHC,Male,Yes,Right
16,2022-11-01 14:39:59.772,0.9680701206121464,0.6915107683129208,1.002184783550153,1.065454071907366,0.8539916704655591,0.1775005414738837,1.33555503682864,0.578314120844981,0.7535722361977132,-0.1908172996109886,1.016726933074084,0.7305144405719792,0.8411905821872835,0.2514499901811468,0.7900429098500577,0.6564179963057691,1.119790238872146,0.2970431190184568,0.3297933880274858,0.3399126409773175,685.3846153846154,743.4065934065934,680.5494505494506,699.0842490842491,641.0622710622711,0.153442,-0.098206,1.014526,4.239349,-16.119995,2.684174,1.0,1.0,1.0,1.0,1.0,90.0,,308,RHC,Male,Yes,Right
17,2022-11-01 14:39:59.926,,,,,,,,,,,,,,,,,,,,,,,,,,,,,,,,,,,,,,/muse/elements/jaw_clench,308,RHC,Male,Yes,Right
18,2022-11-01 14:40:00.775,0.9680701206121464,0.6915107683129208,1.002184783550153,1.065454071907366,0.8539916704655591,0.1775005414738837,1.33555503682864,0.578314120844981,0.7535722361977132,-0.1908172996109886,1.016726933074084,0.7305144405719792,0.8411905821872835,0.2514499901811468,0.7900429098500577,0.6564179963057691,1.119790238872146,0.2970431190184568,0.3297933880274858,0.3399126409773175,705.5311355311355,816.7399267399268,708.7545787545788,829.6336996336996,761.1355311355312,0.08551,-0.081604,1.018311,-0.635529,-3.603821,-2.983246,1.0,2.0,1.0,2.0,2.0,90.0,,308,RHC,Male,Yes,Right
19,2022-11-01 14:40:00.957,,,,,,,,,,,,,,,,,,,,,,,,,,,,,,,,,,,,,,/muse/elements/jaw_clench,308,RHC,Male,Yes,Right
20,2022-11-01 14:40:01.773,0.9680701206121464,0.6915107683129208,1.002184783550153,1.065454071907366,0.8539916704655591,0.1775005414738837,1.33555503682864,0.578314120844981,0.7535722361977132,-0.1908172996109886,1.016726933074084,0.7305144405719792,0.8411905821872835,0.2514499901811468,0.7900429098500577,0.6564179963057691,1.119790238872146,0.2970431190184568,0.3297933880274858,0.3399126409773175,860.2564102564103,800.6227106227107,608.4249084249085,870.3296703296703,646.7032967032967,0.151428,-0.076416,1.006409,2.886047,-6.998291,-0.291595,1.0,2.0,1.0,1.0,2.0,90.0,,308,RHC,Male,Yes,Right
21,2022-11-01 14:40:02.777,0.9680701206121464,0.6915107683129208,1.002184783550153,1.065454071907366,0.8539916704655591,0.1775005414738837,1.33555503682864,0.578314120844981,0.7535722361977132,-0.1908172996109886,1.016726933074084,0.7305144405719792,0.8411905821872835,0.2514499901811468,0.7900429098500577,0.6564179963057691,1.119790238872146,0.2970431190184568,0.3297933880274858,0.3399126409773175,900.952380952381,858.2417582417582,745.8241758241759,939.2307692307692,761.1355311355312,0.164246,-0.080994,0.997131,4.314117,-5.674896,1.9664,1.0,2.0,1.0,2.0,2.0,90.0,,308,RHC,Male,Yes,Right
22,2022-11-01 14:40:03.778,1.420563503061106,1.314028697369285,1.002184783550153,1.065454071907366,0.9952113208212812,0.3294032946430883,1.33555503682864,0.578314120844981,1.010828371174157,0.6689564030583197,1.016726933074084,0.7305144405719792,0.936032593594284,0.3782113611327165,0.7900429098500577,0.6564179963057691,0.8594201114415547,-0.2105268502760664,0.3297933880274858,0.3399126409773175,832.0512820512821,835.6776556776557,768.3882783882784,770.8058608058608,641.8681318681319,0.167664,-0.081909,1.003967,3.065491,-4.830017,0.986938,1.0,2.0,1.0,1.0,2.0,90.0,,308,RHC,Male,Yes,Right
23,2022-11-01 14:40:04.778,0.7052060336107365,1.290654095481029,1.002184783550153,1.065454071907366,0.6096935609864341,0.3705541818990006,1.33555503682864,0.578314120844981,0.4189680239848585,0.6209420984191553,1.016726933074084,0.7305144405719792,0.6831191501175639,0.3188781187350901,0.7900429098500577,0.6564179963057691,0.7503669825077969,-0.1721706543104418,0.3297933880274858,0.3399126409773175,823.992673992674,818.3516483516484,744.6153846153846,842.5274725274726,765.1648351648352,0.151184,-0.088379,0.994751,2.407532,-3.065491,-1.016846,1.0,1.0,1.0,1.0,1.0,90.0,,308,RHC,Male,Yes,Right
24,2022-11-01 14:40:05.772,0.8034367077325566,1.302384248092166,1.002184783550153,1.065454071907366,0.3748853513745473,0.4603383228527957,1.33555503682864,0.578314120844981,0.2360676037396891,0.5698647438905347,1.016726933074084,0.7305144405719792,0.5458708236361688,0.3020312962296704,0.7900429098500577,0.6564179963057691,0.6169107521060246,-0.1332021356093911,0.3297933880274858,0.3399126409773175,810.6959706959707,798.2051282051282,1083.076923076923,810.6959706959707,710.3663003663004,0.160522,-0.099243,0.996582,1.809387,-5.241241,1.973877,1.0,1.0,1.0,1.0,1.0,90.0,,308,RHC,Male,Yes,Right
25,2022-11-01 14:40:06.782,0.5578005635093004,0.8632211914407683,1.002184783550153,1.297536068367404,0.2200128296952986,0.5594022322331513,1.33555503682864,1.269396937348178,0.4920125953108308,0.597279305214599,1.016726933074084,1.39216293002321,0.3446393378096241,0.3201519971685791,0.7900429098500577,0.8767871943614037,0.3364105853611891,-0.1339376833467997,0.3297933880274858,0.7751068701662244,773.2234432234433,790.952380952381,982.7472527472528,763.1501831501831,699.4871794871796,0.158508,-0.087463,0.996704,1.884155,-10.183411,1.487885,1.0,1.0,1.0,4.0,1.0,90.0,,308,RHC,Male,Yes,Right
