,TimeStamp,Delta_TP9,Delta_AF7,Delta_AF8,Delta_TP10,Theta_TP9,Theta_AF7,Theta_AF8,Theta_TP10,Alpha_TP9,Alpha_AF7,Alpha_AF8,Alpha_TP10,Beta_TP9,Beta_AF7,Beta_AF8,Beta_TP10,Gamma_TP9,Gamma_AF7,Gamma_AF8,Gamma_TP10,RAW_TP9,RAW_AF7,RAW_AF8,RAW_TP10,AUX_RIGHT,Accelerometer_X,Accelerometer_Y,Accelerometer_Z,Gyro_X,Gyro_Y,Gyro_Z,HeadBandOn,HSI_TP9,HSI_AF7,HSI_AF8,HSI_TP10,Battery,Elements,Participant,Test,Gender,English,Dominance
0,2022-11-01 15:06:58.303,,,,,,,,,,,,,,,,,,,,,,,,,,,,,,,,,,,,,,/muse/event/connected Muse-9E89,309,RHS,Female,No,Right
1,2022-11-01 15:06:58.329,0.0201683,0.52502096,0.20434304,0.90851057,0.41236633,0.46557075,0.041420773,0.28685975,0.66641945,0.7514667,0.12953542,0.824107,1.2414267,1.1430285,0.6864174,1.2514983,0.78308547,0.7027782,0.93173873,1.1293517,769.19415,761.53845,815.9341,772.4176,854.21246,0.64300537109375,-0.171630859375,0.765869140625,4.942169189453125,-5.375823974609375,-1.069183349609375,1.0,1.0,4.0,2.0,1.0,75.0,,309,RHS,Female,No,Right
2,2022-11-01 15:06:58.849,,,,,,,,,,,,,,,,,,,,,,,,,,,,,,,,,,,,,,/muse/elements/blink,309,RHS,Female,No,Right
3,2022-11-01 15:06:59.332,0.0201683,0.52502096,0.20434304,0.90851057,0.41236633,0.46557075,0.041420773,0.28685975,0.66641945,0.7514667,0.12953542,0.824107,1.2414267,1.1430285,0.6864174,1.2514983,0.78308547,0.7027782,0.93173873,1.1293517,813.5165,704.7253,772.4176,810.293,751.4652,0.65789794921875,-0.1937255859375,0.7572021484375,0.844879150390625,-4.41131591796875,0.441131591796875,1.0,2.0,4.0,2.0,2.0,75.0,,309,RHS,Female,No,Right
4,2022-11-01 15:07:00.342,0.0201683,0.52502096,0.20434304,0.90851057,0.41236633,0.46557075,0.041420773,0.28685975,0.66641945,0.7514667,0.12953542,0.824107,1.2414267,1.1430285,0.6864174,1.2514983,0.78308547,0.7027782,0.93173873,1.1293517,803.0403,987.5824,904.57874,759.92676,711.5751,0.67803955078125,-0.1949462890625,0.7266845703125,2.811279296875,-9.61517333984375,1.92901611328125,1.0,2.0,4.0,2.0,2.0,75.0,,309,RHS,Female,No,Right
5,2022-11-01 15:07:01.089,,,,,,,,,,,,,,,,,,,,,,,,,,,,,,,,,,,,,,/muse/elements/blink,309,RHS,Female,No,Right
6,2022-11-01 15:07:01.393,0.70511514,0.52502096,0.20434304,0.74525285,0.4962394,0.46557075,0.041420773,0.76753,0.64515007,0.7514667,0.12953542,1.0672544,1.1857716,1.1430285,0.6864174,1.3496724,1.0810366,0.7027782,0.93173873,1.196033,820.3663,715.6044,783.2967,834.4689,801.8315,0.64691162109375,-0.1568603515625,0.779052734375,4.05242919921875,-1.652374267578125,-2.79632568359375,1.0,1.0,4.0,2.0,1.0,75.0,,309,RHS,Female,No,Right
7,2022-11-01 15:07:02.413,0.3501809,0.52502096,0.20434304,0.384162,0.5603953,0.46557075,0.041420773,0.8643462,0.425402,0.7514667,0.12953542,0.76508147,1.1364151,1.1430285,0.6864174,1.1532845,1.0926583,0.7027782,0.93173873,1.0867987,801.8315,648.71796,707.5458,801.4286,738.5714,0.65234375,-0.1942138671875,0.7781982421875,0.4486083984375,-2.863616943359375,-2.8411865234375,1.0,1.0,4.0,2.0,1.0,75.0,,309,RHS,Female,No,Right
8,2022-11-01 15:07:03.422,0.6485125,0.52502096,0.20434304,0.62714124,0.40232697,0.46557075,0.041420773,0.59084505,0.760903,0.7514667,0.12953542,1.1063031,1.2011046,1.1430285,0.6864174,1.3349723,1.0722858,0.7027782,0.93173873,1.2366104,752.27106,1137.8755,977.50916,758.71796,759.92676,0.675537109375,-0.1488037109375,0.7620849609375,10.445098876953123,-8.979644775390625,6.77398681640625,1.0,1.0,4.0,2.0,1.0,75.0,,309,RHS,Female,No,Right
9,2022-11-01 15:07:04.434,0.6355315,0.52502096,0.20434304,0.7551313,0.685011,0.46557075,0.041420773,0.61668265,0.7244164,0.7514667,0.12953542,0.94389737,1.0765303,1.1430285,0.6864174,1.1207212,0.91242,0.7027782,0.93173873,1.222638,817.1429,768.3883,931.978,809.0842,650.7326,0.6676025390625,-0.22454833984375,0.70867919921875,2.4224853515625,-6.168365478515625,-0.059814453125,1.0,1.0,4.0,2.0,1.0,75.0,,309,RHS,Female,No,Right
10,2022-11-01 15:07:05.449,0.67802316,0.52502096,0.20434304,0.6830285,0.7921177,0.46557075,0.041420773,0.5095829,0.6499699,0.7514667,0.12953542,0.60102403,0.8496556,1.1430285,0.6864174,1.4175572,0.7742209,0.7027782,0.93173873,0.9802739,811.9048,714.3956,889.2674,808.2784,663.22345,0.6920166015625,-0.23382568359375,0.70281982421875,1.21124267578125,-7.16278076171875,1.861724853515625,1.0,1.0,4.0,2.0,1.0,75.0,,309,RHS,Female,No,Right
11,2022-11-01 15:07:06.473,0.6057729,0.52502096,0.20434304,0.7686514,0.38779414,0.46557075,0.041420773,0.69628465,0.84360445,0.7514667,0.12953542,0.9904065,1.0377586,1.1430285,0.6864174,1.3036836,0.8029947,0.7027782,0.93173873,1.1173027,823.5897,873.5531,919.89014,768.3883,571.75824,0.65252685546875,-0.2186279296875,0.73052978515625,-1.39068603515625,-2.429962158203125,-2.385101318359375,1.0,1.0,4.0,2.0,1.0,75.0,,309,RHS,Female,No,Right
12,2022-11-01 15:07:07.498,0.73800087,0.52502096,0.20434304,0.69190884,0.5962244,0.46557075,0.041420773,0.58826977,0.8074019,0.7514667,0.12953542,1.0911329,1.0486549,1.1430285,0.6864174,1.3355736,0.8396954,0.7027782,0.93173873,1.1471603,818.3516,1041.5751,944.4689,828.4249,687.3993,0.67169189453125,-0.23919677734375,0.715576171875,3.207550048828125,-5.48797607421875,0.657958984375,1.0,1.0,4.0,2.0,1.0,75.0,,309,RHS,Female,No,Right
13,2022-11-01 15:07:08.515,0.93247163,0.52502096,0.20434304,1.0111334,0.95216453,0.46557075,0.041420773,0.9954371,1.0244539,0.7514667,0.12953542,1.1738458,1.2248359,1.1430285,0.6864174,1.4796107,0.87824064,0.7027782,0.93173873,1.2564242,794.9817,950.5128,965.42126,784.10254,902.1612,0.6495361328125,-0.23052978515625,0.743408203125,-1.622467041015625,-2.0037841796875,-3.60382080078125,1.0,1.0,4.0,2.0,1.0,75.0,,309,RHS,Female,No,Right
14,2022-11-01 15:07:09.534,0.8189107,0.52502096,0.20434304,0.9469891,0.9006025,0.46557075,0.041420773,1.0802135,1.0190138,0.7514667,0.12953542,1.0355077,1.1764027,1.1430285,0.6864174,1.4589417,0.8653495,0.7027782,0.93173873,1.2080185,789.34064,727.6923,762.74725,785.31134,755.4945,0.65789794921875,-0.23809814453125,0.7420654296875,0.186920166015625,-1.74957275390625,-2.145843505859375,1.0,1.0,4.0,2.0,1.0,75.0,,309,RHS,Female,No,Right
15,2022-11-01 15:07:10.577,0.5717776,0.52502096,0.20434304,0.85567236,0.7469219,0.46557075,0.041420773,1.0325085,0.98710495,0.7514667,0.12953542,1.0698692,1.1623985,1.1430285,0.6864174,1.4482796,1.042683,0.7027782,0.93173873,1.1424683,792.5641,905.38464,884.83514,788.1319,608.4249,0.67083740234375,-0.23419189453125,0.7059326171875,1.143951416015625,-4.90478515625,0.179443359375,1.0,1.0,4.0,2.0,1.0,75.0,,309,RHS,Female,No,Right
16,2022-11-01 15:07:11.528,,,,,,,,,,,,,,,,,,,,,,,,,,,,,,,,,,,,,,/muse/elements/blink,309,RHS,Female,No,Right
17,2022-11-01 15:07:11.597,0.457991,0.52502096,0.20434304,0.8303314,0.72256327,0.46557075,0.041420773,1.0287595,0.96211517,0.7514667,0.12953542,1.1787369,1.1618372,1.1430285,0.6864174,1.4505894,1.2203739,0.7027782,0.93173873,1.2314416,815.12823,768.7912,929.15753,807.47253,804.65204,0.662109375,-0.2001953125,0.74554443359375,6.95343017578125,-4.964599609375,3.925323486328125,1.0,1.0,4.0,2.0,1.0,75.0,,309,RHS,Female,No,Right
18,2022-11-01 15:07:12.626,0.6019298,0.52502096,0.20434304,0.77292717,0.85359496,0.46557075,0.041420773,1.0201991,0.5415556,0.7514667,0.12953542,0.8366742,0.98728627,1.1430285,0.6864174,1.3470827,1.2649437,0.7027782,0.93173873,1.2761235,786.52014,844.1392,801.4286,794.57874,677.326,0.643310546875,-0.14483642578125,0.78973388671875,5.420684814453125,-3.102874755859375,-0.059814453125,1.0,1.0,4.0,2.0,1.0,75.0,,309,RHS,Female,No,Right
19,2022-11-01 15:07:13.554,,,,,,,,,,,,,,,,,,,,,,,,,,,,,,,,,,,,,,/muse/elements/blink,309,RHS,Female,No,Right
20,2022-11-01 15:07:13.652,0.50988877,0.52502096,0.20434304,0.73912156,0.97780055,0.46557075,0.041420773,0.9706938,0.62616205,0.7514667,0.12953542,0.99031436,1.220422,1.1430285,0.6864174,1.2714521,1.211289,0.7027782,0.93173873,1.1298301,799.011,915.8608,795.38464,796.99634,749.45056,0.65191650390625,-0.16748046875,0.785888671875,3.60382080078125,-1.39068603515625,-4.605712890625,1.0,1.0,4.0,2.0,1.0,75.0,,309,RHS,Female,No,Right
