,TimeStamp,Delta_TP9,Delta_AF7,Delta_AF8,Delta_TP10,Theta_TP9,Theta_AF7,Theta_AF8,Theta_TP10,Alpha_TP9,Alpha_AF7,Alpha_AF8,Alpha_TP10,Beta_TP9,Beta_AF7,Beta_AF8,Beta_TP10,Gamma_TP9,Gamma_AF7,Gamma_AF8,Gamma_TP10,RAW_TP9,RAW_AF7,RAW_AF8,RAW_TP10,AUX_RIGHT,Accelerometer_X,Accelerometer_Y,Accelerometer_Z,Gyro_X,Gyro_Y,Gyro_Z,HeadBandOn,HSI_TP9,HSI_AF7,HSI_AF8,HSI_TP10,Battery,Elements,Participant,Test,Gender,English,Dominance
0,2022-11-01 19:10:10.015,,,,,,,,,,,,,,,,,,,,,,,,,,,,,,,,,,,,,,/muse/event/connected Muse-9E89,314,RHS,Female,No,Right
1,2022-11-01 19:10:10.043,0.72271806,0.0,0.0,0.5621811,0.58784926,0.0,0.0,0.46995097,0.5660022,0.0,0.0,0.5146114,1.0679944,0.0,0.0,1.0430636,1.2791234,0.0,0.0,0.74177486,805.8608,729.707,724.0659,844.5421,946.4835,0.21759033203125,-0.03399658203125,0.99462890625,2.669219970703125,-4.762725830078125,-0.770111083984375,1.0,1.0,1.0,2.0,1.0,75.0,,314,RHS,Female,No,Right
2,2022-11-01 19:10:10.304,,,,,,,,,,,,,,,,,,,,,,,,,,,,,,,,,,,,,,/muse/elements/jaw_clench,314,RHS,Female,No,Right
3,2022-11-01 19:10:11.078,0.53713775,0.0,0.0,0.5634238,0.21817881,0.0,0.0,0.3687473,0.4020718,0.0,0.0,0.47410294,1.07065,0.0,0.0,1.0045255,1.2138661,0.0,0.0,0.70781595,803.0403,606.0073,806.26373,715.6044,732.1245,0.18963623046875,-0.0377197265625,0.9974365234375,3.050537109375,-0.530853271484375,-1.1962890625,1.0,1.0,1.0,2.0,1.0,75.0,,314,RHS,Female,No,Right
4,2022-11-01 19:10:11.896,,,,,,,,,,,,,,,,,,,,,,,,,,,,,,,,,,,,,,/muse/elements/jaw_clench,314,RHS,Female,No,Right
5,2022-11-01 19:10:12.096,1.1120024,0.0,0.0,0.5634238,0.5656778,0.0,0.0,0.3687473,0.961391,0.0,0.0,0.47410294,1.2411573,0.0,0.0,1.0045255,0.58325434,0.0,0.0,0.70781595,770.40295,0.0,902.96704,785.7143,744.61536,0.217529296875,-0.08197021484375,1.01153564453125,-0.2093505859375,-13.480682373046877,1.00189208984375,1.0,2.0,1.0,2.0,2.0,75.0,,314,RHS,Female,No,Right
6,2022-11-01 19:10:12.255,,,,,,,,,,,,,,,,,,,,,,,,,,,,,,,,,,,,,,/muse/elements/jaw_clench,314,RHS,Female,No,Right
7,2022-11-01 19:10:12.727,,,,,,,,,,,,,,,,,,,,,,,,,,,,,,,,,,,,,,/muse/elements/jaw_clench,314,RHS,Female,No,Right
8,2022-11-01 19:10:13.117,0.9003133,0.0,0.0,0.5634238,0.6789537,0.0,0.0,0.3687473,1.1221831,0.0,0.0,0.47410294,1.157909,0.0,0.0,1.0045255,0.66412586,0.0,0.0,0.70781595,809.0842,674.5055,1002.0879,796.1905,712.381,0.22528076171875,-0.10919189453125,0.98577880859375,2.714080810546875,-5.48797607421875,-0.40374755859375,1.0,1.0,1.0,2.0,1.0,75.0,,314,RHS,Female,No,Right
9,2022-11-01 19:10:14.140,0.84470844,0.0,0.0,0.5634238,0.75538844,0.0,0.0,0.3687473,0.94387215,0.0,0.0,0.47410294,1.0594116,0.0,0.0,1.0045255,0.8858498,0.0,0.0,0.70781595,825.6044,842.9304,797.8022,787.72894,666.04395,0.22332763671875,-0.12060546875,0.9937744140625,1.21124267578125,-4.927215576171875,-6.4599609375,1.0,1.0,1.0,2.0,1.0,75.0,,314,RHS,Female,No,Right
10,2022-11-01 19:10:14.544,,,,,,,,,,,,,,,,,,,,,,,,,,,,,,,,,,,,,,/muse/elements/blink,314,RHS,Female,No,Right
11,2022-11-01 19:10:15.176,0.84470844,0.0,0.0,0.5634238,0.75538844,0.0,0.0,0.3687473,0.94387215,0.0,0.0,0.47410294,1.0594116,0.0,0.0,1.0045255,0.8858498,0.0,0.0,0.70781595,784.90845,720.4396,782.49084,811.9048,783.69965,0.2652587890625,0.0106201171875,0.987548828125,3.775787353515625,-5.973968505859375,-0.0897216796875,1.0,1.0,1.0,2.0,1.0,75.0,,314,RHS,Female,No,Right
12,2022-11-01 19:10:15.515,,,,,,,,,,,,,,,,,,,,,,,,,,,,,,,,,,,,,,/muse/elements/blink,314,RHS,Female,No,Right
13,2022-11-01 19:10:16.214,0.84470844,0.0,0.0,0.5634238,0.75538844,0.0,0.0,0.3687473,0.94387215,0.0,0.0,0.47410294,1.0594116,0.0,0.0,1.0045255,0.8858498,0.0,0.0,0.70781595,829.2308,503.663,977.9121,828.022,679.7436,0.2679443359375,-0.0267333984375,0.98052978515625,1.517791748046875,-3.536529541015625,10.4974365234375,1.0,2.0,1.0,2.0,2.0,75.0,,314,RHS,Female,No,Right
14,2022-11-01 19:10:17.239,0.84470844,0.0,0.0,0.5634238,0.75538844,0.0,0.0,0.3687473,0.94387215,0.0,0.0,0.47410294,1.0594116,0.0,0.0,1.0045255,0.8858498,0.0,0.0,0.70781595,772.8205,756.30035,931.978,792.1612,668.46155,0.2374267578125,-0.08782958984375,0.9822998046875,1.07666015625,-6.721649169921875,-5.39825439453125,1.0,2.0,1.0,2.0,2.0,75.0,,314,RHS,Female,No,Right
15,2022-11-01 19:10:18.269,0.6892626,0.0,0.0,0.5634238,0.4222981,0.0,0.0,0.3687473,1.0076315,0.0,0.0,0.47410294,1.1458582,0.0,0.0,1.0045255,0.89987683,0.0,0.0,0.70781595,890.87915,505.27472,590.696,895.31134,1076.63,0.26885986328125,-0.08074951171875,0.98089599609375,2.534637451171875,-7.678680419921875,-0.052337646484375,1.0,1.0,1.0,2.0,1.0,75.0,,314,RHS,Female,No,Right
16,2022-11-01 19:10:19.292,0.63405305,0.0,0.0,0.5634238,0.36919194,0.0,0.0,0.3687473,0.6655517,0.0,0.0,0.47410294,1.3221217,0.0,0.0,1.0045255,0.9760763,0.0,0.0,0.70781595,808.68134,765.16486,807.8755,843.3333,615.2747,0.2686767578125,-0.107666015625,0.979248046875,2.923431396484375,-4.3365478515625,0.40374755859375,1.0,1.0,1.0,2.0,1.0,75.0,,314,RHS,Female,No,Right
17,2022-11-01 19:10:20.141,,,,,,,,,,,,,,,,,,,,,,,,,,,,,,,,,,,,,,/muse/elements/blink,314,RHS,Female,No,Right
18,2022-11-01 19:10:20.309,0.61171937,0.0,0.0,0.5634238,0.37566352,0.0,0.0,0.3687473,0.6048316,0.0,0.0,0.47410294,1.2998368,0.0,0.0,1.0045255,0.97665024,0.0,0.0,0.70781595,830.84247,982.74725,998.86444,786.52014,795.78754,0.2454833984375,-0.111083984375,0.98419189453125,2.27294921875,-4.97955322265625,0.142059326171875,1.0,1.0,1.0,2.0,1.0,70.0,,314,RHS,Female,No,Right
19,2022-11-01 19:10:21.338,0.61171937,0.0,0.0,0.5634238,0.37566352,0.0,0.0,0.3687473,0.6048316,0.0,0.0,0.47410294,1.2998368,0.0,0.0,1.0045255,0.97665024,0.0,0.0,0.70781595,815.5311,821.1722,898.1319,817.5458,591.9048,0.26055908203125,-0.117431640625,0.9754638671875,2.983245849609375,-5.203857421875,-0.650482177734375,1.0,2.0,1.0,2.0,2.0,70.0,,314,RHS,Female,No,Right
20,2022-11-01 19:10:22.342,0.4775811,0.0,0.0,0.5634238,0.3329202,0.0,0.0,0.3687473,0.46139213,0.0,0.0,0.47410294,1.3756772,0.0,0.0,1.0045255,1.3373604,0.0,0.0,0.70781595,811.9048,686.5934,689.81683,843.73627,896.52014,0.28033447265625,-0.1270751953125,0.97564697265625,2.086029052734375,-5.72723388671875,-1.592559814453125,1.0,2.0,1.0,2.0,2.0,70.0,,314,RHS,Female,No,Right
21,2022-11-01 19:10:23.371,0.5010793,0.0,0.0,0.5634238,0.4111556,0.0,0.0,0.3687473,0.55824333,0.0,0.0,0.47410294,1.4551512,0.0,0.0,1.0045255,1.4053313,0.0,0.0,0.70781595,793.36993,737.76556,786.1172,810.293,830.84247,0.27410888671875,-0.13092041015625,0.9801025390625,3.686065673828125,-4.613189697265625,0.097198486328125,1.0,1.0,1.0,2.0,1.0,70.0,,314,RHS,Female,No,Right
22,2022-11-01 19:10:24.310,,,,,,,,,,,,,,,,,,,,,,,,,,,,,,,,,,,,,,/muse/elements/blink,314,RHS,Female,No,Right
23,2022-11-01 19:10:24.397,0.7589037,0.0,0.0,0.5634238,0.82979643,0.0,0.0,0.3687473,1.1042691,0.0,0.0,0.47410294,1.27069,0.0,0.0,1.0045255,1.0878739,0.0,0.0,0.70781595,877.98535,672.8938,612.8571,839.304,662.4176,0.28045654296875,-0.1322021484375,0.97906494140625,2.549591064453125,-4.777679443359375,-0.171966552734375,1.0,1.0,1.0,2.0,1.0,70.0,,314,RHS,Female,No,Right
24,2022-11-01 19:10:25.411,0.61031646,0.0,0.0,0.5634238,0.64977807,0.0,0.0,0.3687473,0.8623595,0.0,0.0,0.47410294,1.2921597,0.0,0.0,1.0045255,1.1272508,0.0,0.0,0.70781595,798.60803,690.2198,778.86444,801.8315,928.7546,0.27520751953125,-0.13720703125,0.97406005859375,4.179534912109375,-4.732818603515625,-0.31402587890625,1.0,1.0,1.0,2.0,1.0,70.0,,314,RHS,Female,No,Right
25,2022-11-01 19:10:26.138,,,,,,,,,,,,,,,,,,,,,,,,,,,,,,,,,,,,,,/muse/elements/blink,314,RHS,Female,No,Right
26,2022-11-01 19:10:26.433,0.61031646,0.0,0.0,0.5634238,0.64977807,0.0,0.0,0.3687473,0.8623595,0.0,0.0,0.47410294,1.2921597,0.0,0.0,1.0045255,1.1272508,0.0,0.0,0.70781595,747.03296,801.8315,1004.5055,777.6557,680.54944,0.26776123046875,-0.1336669921875,0.96875,2.743988037109375,-5.136566162109375,-0.904693603515625,1.0,1.0,1.0,2.0,1.0,70.0,,314,RHS,Female,No,Right
27,2022-11-01 19:10:27.334,,,,,,,,,,,,,,,,,,,,,,,,,,,,,,,,,,,,,,/muse/elements/blink,314,RHS,Female,No,Right
28,2022-11-01 19:10:27.450,0.61031646,0.0,0.0,0.5634238,0.64977807,0.0,0.0,0.3687473,0.8623595,0.0,0.0,0.47410294,1.2921597,0.0,0.0,1.0045255,1.1272508,0.0,0.0,0.70781595,1279.7069,1622.1978,1130.6227,1479.5604,706.7399,0.292236328125,-0.12335205078125,0.96337890625,3.641204833984375,-6.759033203125,0.79254150390625,1.0,2.0,1.0,2.0,2.0,70.0,,314,RHS,Female,No,Right
29,2022-11-01 19:10:28.462,0.61031646,0.0,0.0,0.5634238,0.64977807,0.0,0.0,0.3687473,0.8623595,0.0,0.0,0.47410294,1.2921597,0.0,0.0,1.0045255,1.1272508,0.0,0.0,0.70781595,745.82416,723.2601,868.71796,794.57874,674.5055,0.31280517578125,-0.11224365234375,0.977294921875,2.97576904296875,-3.222503662109375,-1.398162841796875,1.0,2.0,1.0,2.0,2.0,70.0,,314,RHS,Female,No,Right
30,2022-11-01 19:10:29.210,,,,,,,,,,,,,,,,,,,,,,,,,,,,,,,,,,,,,,/muse/elements/blink,314,RHS,Female,No,Right
31,2022-11-01 19:10:29.476,0.61031646,0.0,0.0,0.5634238,0.64977807,0.0,0.0,0.3687473,0.8623595,0.0,0.0,0.47410294,1.2921597,0.0,0.0,1.0045255,1.1272508,0.0,0.0,0.70781595,798.20514,801.8315,870.7326,776.04395,745.0183,0.32037353515625,-0.14849853515625,0.94549560546875,0.321502685546875,-3.596343994140625,-4.6954345703125,1.0,2.0,1.0,2.0,2.0,70.0,,314,RHS,Female,No,Right
32,2022-11-01 19:10:29.697,,,,,,,,,,,,,,,,,,,,,,,,,,,,,,,,,,,,,,/muse/elements/blink,314,RHS,Female,No,Right
33,2022-11-01 19:10:30.495,0.61031646,0.0,0.0,0.5634238,0.64977807,0.0,0.0,0.3687473,0.8623595,0.0,0.0,0.47410294,1.2921597,0.0,0.0,1.0045255,1.1272508,0.0,0.0,0.70781595,813.91943,697.47253,929.5604,840.10986,682.1612,0.3292236328125,-0.126953125,0.955078125,4.44122314453125,-5.1739501953125,3.96270751953125,1.0,2.0,1.0,2.0,2.0,70.0,,314,RHS,Female,No,Right
34,2022-11-01 19:10:30.911,,,,,,,,,,,,,,,,,,,,,,,,,,,,,,,,,,,,,,/muse/elements/blink,314,RHS,Female,No,Right
35,2022-11-01 19:10:31.510,0.61031646,0.0,0.0,0.5634238,0.64977807,0.0,0.0,0.3687473,0.8623595,0.0,0.0,0.47410294,1.2921597,0.0,0.0,1.0045255,1.1272508,0.0,0.0,0.70781595,684.57874,670.4762,658.3883,701.0989,960.58606,0.3218994140625,-0.1221923828125,0.95977783203125,1.65985107421875,-4.1571044921875,-2.355194091796875,1.0,2.0,1.0,2.0,2.0,70.0,,314,RHS,Female,No,Right
36,2022-11-01 19:10:32.529,0.61031646,0.0,0.0,0.5634238,0.64977807,0.0,0.0,0.3687473,0.8623595,0.0,0.0,0.47410294,1.2921597,0.0,0.0,1.0045255,1.1272508,0.0,0.0,0.70781595,874.7619,973.8828,974.2857,788.1319,876.77655,0.29730224609375,-0.121826171875,0.96783447265625,3.401947021484375,-5.046844482421875,1.128997802734375,1.0,2.0,1.0,2.0,2.0,70.0,,314,RHS,Female,No,Right
37,2022-11-01 19:10:33.558,0.61031646,0.0,0.0,0.5634238,0.64977807,0.0,0.0,0.3687473,0.8623595,0.0,0.0,0.47410294,1.2921597,0.0,0.0,1.0045255,1.1272508,0.0,0.0,0.70781595,790.54944,774.83514,950.9158,786.52014,660.0,0.3128662109375,-0.1361083984375,0.959716796875,2.88604736328125,-5.899200439453125,0.725250244140625,1.0,2.0,1.0,2.0,2.0,70.0,,314,RHS,Female,No,Right
38,2022-11-01 19:10:34.576,0.61031646,0.0,0.0,0.5634238,0.64977807,0.0,0.0,0.3687473,0.8623595,0.0,0.0,0.47410294,1.2921597,0.0,0.0,1.0045255,1.1272508,0.0,0.0,0.70781595,802.6374,819.9634,853.00366,797.3993,667.6557,0.32183837890625,-0.1424560546875,0.95758056640625,2.79632568359375,-5.854339599609375,0.85235595703125,1.0,2.0,1.0,2.0,2.0,70.0,,314,RHS,Female,No,Right
