,Unnamed: 0,TimeStamp,Delta_TP9,Delta_AF7,Delta_AF8,Delta_TP10,Theta_TP9,Theta_AF7,Theta_AF8,Theta_TP10,Alpha_TP9,Alpha_AF7,Alpha_AF8,Alpha_TP10,Beta_TP9,Beta_AF7,Beta_AF8,Beta_TP10,Gamma_TP9,Gamma_AF7,Gamma_AF8,Gamma_TP10,RAW_TP9,RAW_AF7,RAW_AF8,RAW_TP10,AUX_RIGHT,Accelerometer_X,Accelerometer_Y,Accelerometer_Z,Gyro_X,Gyro_Y,Gyro_Z,HeadBandOn,HSI_TP9,HSI_AF7,HSI_AF8,HSI_TP10,Battery,Elements,Participant,Test,Gender,English,Dominance
0,0,2022-11-01 14:33:36.097,,,,,,,,,,,,,,,,,,,,,,,,,,,,,,,,,,,,,,/muse/event/connected Muse-9E89,307,RHC,Female,Yes,Left
1,1,2022-11-01 14:33:36.506,,,,,,,,,,,,,,,,,,,,,,,,,,,,,,,,,,,,,,/muse/elements/blink,307,RHC,Female,Yes,Left
2,2,2022-11-01 14:33:37.099,0.0,0.0,0.0,0.0,0.0,0.0,0.0,0.0,0.0,0.0,0.0,0.0,0.0,0.0,0.0,0.0,0.0,0.0,0.0,0.0,55.2014652014652,460.5494505494506,819.5604395604396,805.8608058608058,734.1391941391942,0.185364,0.036072,1.004944,3.53653,0.568237,3.162689,1.0,4.0,4.0,2.0,2.0,90.0,,307,RHC,Female,Yes,Left
3,3,2022-11-01 14:33:38.098,0.0,0.0,0.0,0.0,0.0,0.0,0.0,0.0,0.0,0.0,0.0,0.0,0.0,0.0,0.0,0.0,0.0,0.0,0.0,0.0,697.8754578754579,304.6153846153846,590.6959706959707,821.1721611721612,643.4798534798535,0.235413,0.028015,0.981934,4.441223,-12.860107,-5.016937,1.0,4.0,4.0,2.0,2.0,95.0,,307,RHC,Female,Yes,Left
4,4,2022-11-01 14:33:39.088,,,,,,,,,,,,,,,,,,,,,,,,,,,,,,,,,,,,,,/muse/elements/blink,307,RHC,Female,Yes,Left
5,5,2022-11-01 14:33:39.103,0.0,0.0,0.0,0.0,0.0,0.0,0.0,0.0,0.0,0.0,0.0,0.0,0.0,0.0,0.0,0.0,0.0,0.0,0.0,0.0,608.4249084249085,525.018315018315,657.5824175824176,836.4835164835165,778.4615384615385,0.196655,0.027954,0.990234,2.459869,-3.446808,-0.568237,1.0,4.0,4.0,2.0,2.0,95.0,,307,RHC,Female,Yes,Left
6,6,2022-11-01 14:33:39.872,,,,,,,,,,,,,,,,,,,,,,,,,,,,,,,,,,,,,,/muse/elements/blink,307,RHC,Female,Yes,Left
7,7,2022-11-01 14:33:40.098,0.0,0.0,0.0,0.0,0.0,0.0,0.0,0.0,0.0,0.0,0.0,0.0,0.0,0.0,0.0,0.0,0.0,0.0,0.0,0.0,518.5714285714286,448.0586080586081,715.2014652014652,820.3663003663004,725.6776556776557,0.163757,0.024963,1.001343,3.058014,-3.730927,2.287903,1.0,4.0,4.0,2.0,2.0,95.0,,307,RHC,Female,Yes,Left
8,8,2022-11-01 14:33:41.109,0.0,0.0,0.0,1.136493001480457,0.0,0.0,0.0,0.9180999922761128,0.0,0.0,0.0,1.18412563783705,0.0,0.0,0.0,0.8690313435419681,0.0,0.0,0.0,0.4788241460397353,0.0,56.41025641025641,516.1538461538462,789.7435897435897,1117.728937728938,0.163818,0.024658,1.007996,2.960815,-4.665527,-0.478516,1.0,2.0,4.0,2.0,1.0,95.0,,307,RHC,Female,Yes,Left
9,9,2022-11-01 14:33:42.098,0.0,0.0,0.0,0.972853236486239,0.0,0.0,0.0,0.8393484682399391,0.0,0.0,0.0,0.9730577471790148,0.0,0.0,0.0,0.8018416473566753,0.0,0.0,0.0,0.4923789312626778,458.9377289377289,562.893772893773,722.4542124542124,799.0109890109891,737.7655677655678,0.167725,0.029114,0.996399,1.046753,-6.676788,-9.121704,1.0,2.0,4.0,2.0,1.0,95.0,,307,RHC,Female,Yes,Left
10,10,2022-11-01 14:33:43.098,0.0,0.0,0.0,0.9152860958461458,0.0,0.0,0.0,0.8691385635390141,0.0,0.0,0.0,0.8716439655852314,0.0,0.0,0.0,0.8112729695544421,0.0,0.0,0.0,0.6161144990409319,922.3076923076924,694.6520146520147,809.8901098901099,779.6703296703297,713.1868131868132,0.25824,0.045227,1.008118,5.15152,-8.643188,2.848663,1.0,4.0,4.0,2.0,1.0,95.0,,307,RHC,Female,Yes,Left
11,11,2022-11-01 14:33:44.108,0.0,0.0,0.0,1.162798861414587,0.0,0.0,0.0,0.9965809071518508,0.0,0.0,0.0,0.8544971899418389,0.0,0.0,0.0,0.6865077880679842,0.0,0.0,0.0,0.4543114140720194,194.2124542124542,610.4395604395604,686.996336996337,773.2234432234433,664.0293040293041,0.231689,0.025085,0.995667,1.256104,-3.977661,3.072968,1.0,4.0,4.0,2.0,1.0,95.0,,307,RHC,Female,Yes,Left
12,12,2022-11-01 14:33:45.106,0.0,0.0,0.0,1.113588723879588,0.0,0.0,0.0,0.7667283462715356,0.0,0.0,0.0,0.8290056887087428,0.0,0.0,0.0,0.6983715359769134,0.0,0.0,0.0,0.5787863820598046,479.4871794871795,617.6923076923077,729.7069597069598,788.1318681318681,811.5018315018315,0.259033,-0.004333,0.994446,3.259888,-5.757141,0.142059,1.0,4.0,4.0,2.0,1.0,95.0,,307,RHC,Female,Yes,Left
13,13,2022-11-01 14:33:46.098,0.0,0.0,0.0,0.8882005147167072,0.0,0.0,0.0,0.5840094797070833,0.0,0.0,0.0,0.7950173701617379,0.0,0.0,0.0,0.737999573141335,0.0,0.0,0.0,0.5271384066441136,1224.908424908425,829.6336996336996,847.3626373626374,778.4615384615385,662.4175824175825,0.266663,0.003662,0.979065,3.117828,-5.293579,-0.844879,1.0,4.0,4.0,2.0,1.0,95.0,,307,RHC,Female,Yes,Left
14,14,2022-11-01 14:33:47.098,0.0,0.0,0.0,0.8049348130108382,0.0,0.0,0.0,0.566325980229602,0.0,0.0,0.0,0.7142943050336126,0.0,0.0,0.0,0.6122192316076248,0.0,0.0,0.0,0.5599368896230469,1523.882783882784,591.9047619047619,659.1941391941392,787.3260073260074,703.5164835164835,0.277649,0.003235,0.981445,3.013153,-5.794525,0.822449,1.0,4.0,4.0,2.0,1.0,95.0,,307,RHC,Female,Yes,Left
15,15,2022-11-01 14:33:48.098,0.0,0.0,0.0,0.7223442767825847,0.0,0.0,0.0,0.6038870754635524,0.0,0.0,0.0,0.9500046061360112,0.0,0.0,0.0,0.7093624796458111,0.0,0.0,0.0,0.5907078121023002,973.882783882784,654.7619047619048,667.6556776556777,809.8901098901099,691.8315018315019,0.263794,-0.014709,0.976074,2.205658,-3.18512,-1.420593,1.0,4.0,4.0,2.0,1.0,95.0,,307,RHC,Female,Yes,Left
16,16,2022-11-01 14:33:48.605,,,,,,,,,,,,,,,,,,,,,,,,,,,,,,,,,,,,,,/muse/elements/blink,307,RHC,Female,Yes,Left
17,17,2022-11-01 14:33:49.098,0.0,0.0,0.0,0.6193599333017797,0.0,0.0,0.0,0.5930242297148889,0.0,0.0,0.0,1.008108255288695,0.0,0.0,0.0,0.6994456731813287,0.0,0.0,0.0,0.5339523026694946,638.6446886446887,417.8388278388279,753.4798534798535,838.901098901099,847.3626373626374,0.28241,-0.007324,0.975098,2.011261,-6.430054,-0.441132,1.0,4.0,4.0,2.0,1.0,95.0,,307,RHC,Female,Yes,Left
18,18,2022-11-01 14:33:50.098,0.0,0.0,0.0,0.2941066107081294,0.0,0.0,0.0,0.5152687303034275,0.0,0.0,0.0,0.8459459324254605,0.0,0.0,0.0,0.6455081956529609,0.0,0.0,0.0,0.3677896146508283,1637.912087912088,536.3003663003664,626.959706959707,820.7692307692308,682.1611721611722,0.31665,-0.017456,0.969116,3.177643,-5.046844,-0.792542,1.0,4.0,4.0,2.0,1.0,95.0,,307,RHC,Female,Yes,Left
19,19,2022-11-01 14:33:51.098,0.0,0.0,0.0,0.630125239814726,0.0,0.0,0.0,0.4738016938729068,0.0,0.0,0.0,0.8551806086532076,0.0,0.0,0.0,0.5789669059178427,0.0,0.0,0.0,0.3647273615834993,1147.142857142857,647.1062271062272,742.6007326007326,799.4139194139194,799.0109890109891,0.331604,-0.005432,0.969727,3.955231,-6.549683,0.665436,1.0,4.0,4.0,2.0,1.0,95.0,,307,RHC,Female,Yes,Left
20,20,2022-11-01 14:33:52.098,0.0,0.0,0.0,0.9450563807966564,0.0,0.0,0.0,0.5592808014845096,0.0,0.0,0.0,0.8880134853695197,0.0,0.0,0.0,0.9084918717910264,0.0,0.0,0.0,0.5662946437670054,1635.091575091575,529.8534798534798,857.032967032967,836.886446886447,1040.769230769231,0.311829,0.018921,0.981384,2.086029,-2.160797,0.403748,1.0,4.0,4.0,2.0,1.0,95.0,,307,RHC,Female,Yes,Left
21,21,2022-11-01 14:33:53.098,0.0,0.0,0.0,1.245234036271062,0.0,0.0,0.0,0.6867730315453681,0.0,0.0,0.0,0.8972790804318916,0.0,0.0,0.0,0.9592116010410154,0.0,0.0,0.0,0.6973159812704601,1424.761904761905,341.2820512820513,624.1391941391942,831.6483516483516,836.4835164835165,0.325684,0.004272,0.966187,3.91037,-6.093597,0.007477,1.0,4.0,4.0,2.0,1.0,95.0,,307,RHC,Female,Yes,Left
22,22,2022-11-01 14:33:54.098,0.0,0.0,0.0,1.286836769154711,0.0,0.0,0.0,0.6831346987761736,0.0,0.0,0.0,0.8933569181721327,0.0,0.0,0.0,0.8422694047660911,0.0,0.0,0.0,0.67236880459268,1456.593406593407,796.5934065934066,764.7619047619048,807.0695970695971,785.7142857142858,0.33728,0.008972,0.96051,3.327179,-8.426361,0.388794,1.0,4.0,4.0,2.0,1.0,95.0,,307,RHC,Female,Yes,Left
23,23,2022-11-01 14:33:54.359,,,,,,,,,,,,,,,,,,,,,,,,,,,,,,,,,,,,,,/muse/elements/blink,307,RHC,Female,Yes,Left
24,24,2022-11-01 14:33:55.103,0.0,0.0,0.0,1.286836769154711,0.0,0.0,0.0,0.6831346987761736,0.0,0.0,0.0,0.8933569181721327,0.0,0.0,0.0,0.8422694047660911,0.0,0.0,0.0,0.67236880459268,36.66666666666666,846.959706959707,845.3479853479854,838.901098901099,728.4981684981685,0.351929,-0.003967,0.950806,3.005676,-3.663635,0.732727,1.0,4.0,4.0,2.0,2.0,95.0,,307,RHC,Female,Yes,Left
25,25,2022-11-01 14:33:56.109,0.0,0.0,0.0,0.5190926900119869,0.0,0.0,0.0,0.3934842394900015,0.0,0.0,0.0,0.4750501772457876,0.0,0.0,0.0,0.9193443681844624,0.0,0.0,0.0,0.6072562455572839,1268.424908424908,302.6007326007326,609.2307692307693,803.8461538461539,889.6703296703297,0.31134,0.007568,0.96759,1.106567,-6.280518,-3.790741,1.0,2.0,4.0,2.0,1.0,95.0,,307,RHC,Female,Yes,Left
26,26,2022-11-01 14:33:57.101,0.0,0.0,0.0,0.613554258023685,0.0,0.0,0.0,0.5331639856910328,0.0,0.0,0.0,0.6884928438507736,0.0,0.0,0.0,0.9060372167231452,0.0,0.0,0.0,0.6878754342622304,78.97435897435898,821.978021978022,772.8205128205128,818.7545787545788,693.040293040293,0.364441,0.006348,0.95343,3.446808,-5.540314,0.919647,1.0,4.0,4.0,2.0,1.0,95.0,,307,RHC,Female,Yes,Left
27,27,2022-11-01 14:33:58.098,0.0,0.0,0.0,0.6313934815396208,0.0,0.0,0.0,0.4756971646810901,0.0,0.0,0.0,0.7732252037612635,0.0,0.0,0.0,0.9024710797884696,0.0,0.0,0.0,0.6237407142789125,0.0,2.014652014652015,571.3553113553114,810.2930402930403,753.8827838827839,0.372253,-0.002319,0.949402,2.631836,-5.046844,-0.762634,1.0,4.0,4.0,2.0,1.0,95.0,,307,RHC,Female,Yes,Left
28,28,2022-11-01 14:33:59.098,0.0,0.0,0.0,0.7597490216537172,0.0,0.0,0.0,0.4523798587019545,0.0,0.0,0.0,0.7507456410314459,0.0,0.0,0.0,0.8375943114711049,0.0,0.0,0.0,0.3294686681134027,1143.516483516484,680.5494505494506,770.0,835.6776556776557,782.0879120879121,0.374268,-0.005798,0.945679,3.342133,-5.480499,-0.994415,1.0,4.0,4.0,2.0,1.0,95.0,,307,RHC,Female,Yes,Left
29,29,2022-11-01 14:34:00.110,0.0,0.0,0.0,0.8878755482058842,0.0,0.0,0.0,0.4480936997813743,0.0,0.0,0.0,0.7327178543721086,0.0,0.0,0.0,0.7158316776605543,0.0,0.0,0.0,0.1945469173208549,1.611721611721612,674.1025641025641,621.3186813186813,770.8058608058608,748.6446886446887,0.370483,-0.00061,0.945984,2.168274,-4.314117,-1.26358,1.0,4.0,4.0,2.0,1.0,95.0,,307,RHC,Female,Yes,Left
30,30,2022-11-01 14:34:01.098,0.0,0.0,0.0,0.8878755482058842,0.0,0.0,0.0,0.4480936997813743,0.0,0.0,0.0,0.7327178543721086,0.0,0.0,0.0,0.7158316776605543,0.0,0.0,0.0,0.1945469173208549,1469.487179487179,587.4725274725275,805.4578754578755,850.1831501831502,876.7765567765568,0.374084,0.005127,0.94397,1.869202,-5.71228,0.299072,1.0,4.0,4.0,2.0,2.0,95.0,,307,RHC,Female,Yes,Left
31,31,2022-11-01 14:34:02.106,0.0,0.0,0.0,0.6183358124212578,0.0,0.0,0.0,0.6065642398849372,0.0,0.0,0.0,0.6407664870859434,0.0,0.0,0.0,0.541522578762325,0.0,0.0,0.0,0.2605496339779896,133.3699633699634,313.4798534798535,574.1758241758242,843.3333333333334,871.941391941392,0.376099,0.020508,0.947449,2.452393,-3.828125,-0.149536,1.0,4.0,4.0,2.0,1.0,95.0,,307,RHC,Female,Yes,Left
32,32,2022-11-01 14:34:03.098,0.0,0.0,0.0,0.6212151673790286,0.0,0.0,0.0,0.4450749170254635,0.0,0.0,0.0,0.6869029982227335,0.0,0.0,0.0,0.7859803090535455,0.0,0.0,0.0,0.4511158066850368,1496.483516483516,900.5494505494506,919.4871794871796,805.054945054945,662.014652014652,0.371155,0.013489,0.975403,2.64679,-6.018829,-2.243042,1.0,4.0,4.0,2.0,1.0,95.0,,307,RHC,Female,Yes,Left
33,33,2022-11-01 14:34:03.648,,,,,,,,,,,,,,,,,,,,,,,,,,,,,,,,,,,,,,/muse/elements/blink,307,RHC,Female,Yes,Left
34,34,2022-11-01 14:34:04.098,0.0,0.0,0.0,0.7080513979249774,0.0,0.0,0.0,0.375440782434227,0.0,0.0,0.0,0.5958947002767776,0.0,0.0,0.0,1.032612407754282,0.0,0.0,0.0,0.6494954197683461,1317.179487179487,525.4212454212454,838.0952380952381,809.8901098901099,829.2307692307693,0.382996,0.018738,0.943604,1.869202,-4.329071,0.37384,1.0,4.0,4.0,2.0,1.0,95.0,,307,RHC,Female,Yes,Left
35,35,2022-11-01 14:34:05.098,0.0,0.0,0.0,0.7799971708141972,0.0,0.0,0.0,0.3886734190998671,0.0,0.0,0.0,0.5958947002767776,0.0,0.0,0.0,1.064411369602683,0.0,0.0,0.0,0.7051714795851276,0.0,0.0,217.1794871794872,890.0732600732601,842.9304029304029,0.344727,0.018616,0.94574,4.545898,-4.605713,0.553284,1.0,4.0,4.0,2.0,1.0,95.0,,307,RHC,Female,Yes,Left
36,36,2022-11-01 14:34:05.251,,,,,,,,,,,,,,,,,,,,,,,,,,,,,,,,,,,,,,/muse/elements/blink,307,RHC,Female,Yes,Left
37,37,2022-11-01 14:34:05.456,,,,,,,,,,,,,,,,,,,,,,,,,,,,,,,,,,,,,,/muse/elements/blink,307,RHC,Female,Yes,Left
38,38,2022-11-01 14:34:06.097,0.0,0.0,0.0,0.7799971708141972,0.0,0.0,0.0,0.3886734190998671,0.0,0.0,0.0,0.5958947002767776,0.0,0.0,0.0,1.064411369602683,0.0,0.0,0.0,0.7051714795851276,1633.479853479854,762.7472527472528,840.1098901098901,831.2454212454213,698.2783882783883,0.381348,0.024719,0.948975,3.977661,-4.643097,-0.097198,1.0,4.0,4.0,2.0,2.0,95.0,,307,RHC,Female,Yes,Left
39,39,2022-11-01 14:34:07.098,0.0,0.0,0.0,0.7799971708141972,0.0,0.0,0.0,0.3886734190998671,0.0,0.0,0.0,0.5958947002767776,0.0,0.0,0.0,1.064411369602683,0.0,0.0,0.0,0.7051714795851276,1188.644688644689,227.2527472527473,701.0989010989011,834.4688644688645,928.7545787545788,0.361633,0.015808,0.950317,3.39447,-5.637512,-0.478516,1.0,4.0,4.0,2.0,2.0,95.0,,307,RHC,Female,Yes,Left
40,40,2022-11-01 14:34:07.665,,,,,,,,,,,,,,,,,,,,,,,,,,,,,,,,,,,,,,/muse/elements/blink,307,RHC,Female,Yes,Left
41,41,2022-11-01 14:34:08.098,0.0,0.0,0.0,0.9619129551737629,0.0,0.0,0.0,0.99020396511071,0.0,0.0,0.0,1.199992937528564,0.0,0.0,0.0,0.9210493000221032,0.0,0.0,0.0,0.5936541777002372,1632.271062271062,583.4432234432235,721.6483516483516,829.2307692307693,779.2673992673992,0.362305,-0.000488,0.936523,3.91037,-1.323395,2.549591,1.0,4.0,4.0,2.0,1.0,95.0,,307,RHC,Female,Yes,Left
42,42,2022-11-01 14:34:09.098,0.0,0.0,0.0,1.202630841818455,0.0,0.0,0.0,1.181261534687099,0.0,0.0,0.0,1.168217563323614,0.0,0.0,0.0,0.8376236191244736,0.0,0.0,0.0,0.5573442163753023,1396.153846153846,1024.652014652015,880.8058608058608,842.5274725274726,675.7142857142858,0.380981,-0.001709,0.945923,3.469238,-4.029999,-0.5159,1.0,4.0,4.0,2.0,1.0,90.0,,307,RHC,Female,Yes,Left
43,43,2022-11-01 14:34:10.098,0.0,0.0,0.0,0.682992456371448,0.0,0.0,0.0,0.8611171582478391,0.0,0.0,0.0,0.6283632874172128,0.0,0.0,0.0,0.712787228005123,0.0,0.0,0.0,0.7343699092408655,1091.538461538462,600.3663003663004,900.5494505494506,836.0805860805862,835.2747252747253,0.395264,0.005188,0.941956,3.409424,-3.379517,0.02243,1.0,4.0,4.0,2.0,1.0,90.0,,307,RHC,Female,Yes,Left
44,44,2022-11-01 14:34:11.104,0.0,0.0,0.0,0.5314232931234922,0.0,0.0,0.0,0.6323932476521249,0.0,0.0,0.0,0.6343105198190824,0.0,0.0,0.0,0.7452125757658912,0.0,0.0,0.0,0.5409627865084337,1564.578754578755,678.9377289377289,793.3699633699634,845.3479853479854,846.1538461538462,0.391602,0.007874,0.935303,3.53653,-5.36087,0.343933,1.0,4.0,4.0,2.0,1.0,90.0,,307,RHC,Female,Yes,Left
45,45,2022-11-01 14:34:12.098,0.0,0.0,0.0,0.3846640716006418,0.0,0.0,0.0,0.4002225331578951,0.0,0.0,0.0,0.6429953055869578,0.0,0.0,0.0,0.5885783034219315,0.0,0.0,0.0,0.4153117046270128,1197.106227106227,890.8791208791209,917.4725274725276,854.2124542124542,623.3333333333334,0.399658,0.002808,0.953125,6.385193,-5.562744,2.033691,1.0,4.0,4.0,2.0,1.0,90.0,,307,RHC,Female,Yes,Left
46,46,2022-11-01 14:34:12.374,,,,,,,,,,,,,,,,,,,,,,,,,,,,,,,,,,,,,,/muse/elements/blink,307,RHC,Female,Yes,Left
47,47,2022-11-01 14:34:13.097,0.0,0.0,0.0,0.3077555527292494,0.0,0.0,0.0,0.3381853206339656,0.0,0.0,0.0,0.6027314799000772,0.0,0.0,0.0,0.4259270776272217,0.0,0.0,0.0,0.5794148953651824,894.1025641025641,725.2747252747253,820.7692307692308,837.2893772893773,695.8608058608058,0.396484,-0.009094,0.935303,2.100983,-4.919739,-0.605621,1.0,4.0,4.0,2.0,1.0,90.0,,307,RHC,Female,Yes,Left
48,48,2022-11-01 14:34:14.098,0.0,0.0,0.0,0.6218614122082662,0.0,0.0,0.0,0.4026559336412469,0.0,0.0,0.0,0.4773612893930141,0.0,0.0,0.0,0.6559208766320976,0.0,0.0,0.0,0.5026066521935697,1366.336996336996,493.5897435897436,668.0586080586081,864.2857142857143,896.9230769230769,0.418457,0.010681,0.915833,4.755249,-2.893524,0.590668,1.0,4.0,4.0,2.0,1.0,90.0,,307,RHC,Female,Yes,Left
49,49,2022-11-01 14:34:15.097,0.0,0.0,0.0,0.7116281200797734,0.0,0.0,0.0,0.4705252397512883,0.0,0.0,0.0,0.8492898898816821,0.0,0.0,0.0,0.6816832961831774,0.0,0.0,0.0,0.3509130861449087,1298.241758241758,893.6996336996338,872.7472527472528,828.8278388278388,608.8278388278388,0.415894,0.010864,0.9245,2.721558,-4.104767,0.306549,1.0,4.0,4.0,2.0,1.0,90.0,,307,RHC,Female,Yes,Left
50,50,2022-11-01 14:34:16.098,0.0,0.0,0.0,0.3414059780052499,0.0,0.0,0.0,0.1518279505212768,0.0,0.0,0.0,0.8927792415749328,0.0,0.0,0.0,0.5784846935481966,0.0,0.0,0.0,0.5539992889489572,651.941391941392,193.8095238095238,600.7692307692308,842.9304029304029,946.8864468864468,0.433777,0.010925,0.925049,4.501038,-5.00946,-0.014954,1.0,4.0,4.0,2.0,1.0,90.0,,307,RHC,Female,Yes,Left
51,51,2022-11-01 14:34:17.057,,,,,,,,,,,,,,,,,,,,,,,,,,,,,,,,,,,,,,/muse/elements/blink,307,RHC,Female,Yes,Left
52,52,2022-11-01 14:34:17.098,0.0,0.0,0.0,0.2872947652559358,0.0,0.0,0.0,0.4671286667391316,0.0,0.0,0.0,0.5257695944335047,0.0,0.0,0.0,0.52323070728785,0.0,0.0,0.0,0.4888589722212595,967.838827838828,273.1868131868132,525.8241758241759,848.5714285714286,931.5750915750916,0.403076,0.002991,0.932007,1.61499,-2.287903,-1.114044,1.0,4.0,4.0,2.0,1.0,90.0,,307,RHC,Female,Yes,Left
53,53,2022-11-01 14:34:18.098,0.0,0.0,0.0,0.5611380021448668,0.0,0.0,0.0,0.6419215005635647,0.0,0.0,0.0,0.4176548215172779,0.0,0.0,0.0,0.5548173983874912,0.0,0.0,0.0,0.4508597310071291,709.9633699633699,940.03663003663,902.5641025641024,826.4102564102565,738.1684981684982,0.422363,-0.002747,0.929321,2.564545,-6.736603,0.216827,1.0,4.0,4.0,2.0,1.0,90.0,,307,RHC,Female,Yes,Left
54,54,2022-11-01 14:34:19.098,0.0,0.0,0.0,0.822945301191657,0.0,0.0,0.0,0.4229915791499408,0.0,0.0,0.0,0.4997378202417059,0.0,0.0,0.0,0.7167977058266797,0.0,0.0,0.0,0.5248012306711586,143.8461538461538,185.7509157509158,635.8241758241759,854.6153846153846,1140.29304029304,0.430237,0.008423,0.924744,3.985138,-4.972076,-0.194397,1.0,4.0,4.0,2.0,1.0,90.0,,307,RHC,Female,Yes,Left
55,55,2022-11-01 14:34:20.100,0.0,0.0,0.0,0.7621059437997012,0.0,0.0,0.0,0.5160624568970823,0.0,0.0,0.0,0.6619928153013985,0.0,0.0,0.0,0.8861310616081984,0.0,0.0,0.0,0.5024559152393315,836.0805860805862,839.7069597069598,820.3663003663004,815.5311355311355,931.5750915750916,0.434021,0.002014,0.920532,2.011261,-3.887939,-0.762634,1.0,4.0,4.0,2.0,1.0,90.0,,307,RHC,Female,Yes,Left
56,56,2022-11-01 14:34:21.098,0.0,0.0,0.0,0.6000875294929862,0.0,0.0,0.0,0.4201705025166845,0.0,0.0,0.0,0.8585666700942876,0.0,0.0,0.0,0.839927491773819,0.0,0.0,0.0,0.4451499195501518,413.8095238095238,796.996336996337,850.989010989011,838.0952380952381,572.5641025641025,0.454956,0.013306,0.920654,2.586975,-5.136566,2.355194,1.0,4.0,4.0,2.0,1.0,90.0,,307,RHC,Female,Yes,Left
57,57,2022-11-01 14:34:22.101,0.0,0.0,0.0,0.7225167784487067,0.0,0.0,0.0,0.4885771478182235,0.0,0.0,0.0,0.8353983589055619,0.0,0.0,0.0,0.6135761021310326,0.0,0.0,0.0,0.5561301691043498,0.0,630.5860805860806,796.996336996337,815.934065934066,709.9633699633699,0.457092,0.010681,0.923096,2.766418,-6.661835,3.91037,1.0,4.0,4.0,2.0,1.0,90.0,,307,RHC,Female,Yes,Left
58,58,2022-11-01 14:34:23.103,0.0,0.0,0.0,0.7149458528799469,0.0,0.0,0.0,0.4090592210033903,0.0,0.0,0.0,0.6840909546221758,0.0,0.0,0.0,0.6773346761083288,0.0,0.0,0.0,0.5952143801546596,572.967032967033,716.8131868131868,839.3040293040293,816.3369963369963,742.1978021978023,0.43103,0.003296,0.923279,1.532745,-4.755249,0.545807,1.0,4.0,4.0,2.0,1.0,90.0,,307,RHC,Female,Yes,Left
59,59,2022-11-01 14:34:24.098,0.0,0.0,0.0,0.7636979692337107,0.0,0.0,0.0,0.4379696167913716,0.0,0.0,0.0,0.8994879368620426,0.0,0.0,0.0,0.7684964660182858,0.0,0.0,0.0,0.4071782471282233,85.82417582417582,884.0293040293041,972.6739926739928,816.3369963369963,683.7728937728938,0.468201,0.027283,0.924133,10.175934,-4.815063,-0.919647,1.0,4.0,4.0,2.0,1.0,90.0,,307,RHC,Female,Yes,Left
60,60,2022-11-01 14:34:25.098,0.0,0.0,0.0,0.8028162598899918,0.0,0.0,0.0,0.6331841784705017,0.0,0.0,0.0,0.6748305222374316,0.0,0.0,0.0,0.8375795510397057,0.0,0.0,0.0,0.4821424090617336,0.0,416.6300366300367,793.3699633699634,813.5164835164835,861.8681318681319,0.449402,0.021667,0.916687,4.067383,-5.278625,0.328979,1.0,4.0,4.0,2.0,1.0,90.0,,307,RHC,Female,Yes,Left
61,61,2022-11-01 14:34:26.053,,,,,,,,,,,,,,,,,,,,,,,,,,,,,,,,,,,,,,/muse/elements/blink,307,RHC,Female,Yes,Left
62,62,2022-11-01 14:34:26.098,0.0,0.0,0.0,0.711383109995061,0.0,0.0,0.0,0.6277642443908222,0.0,0.0,0.0,0.7580810909064216,0.0,0.0,0.0,0.6834582563322695,0.0,0.0,0.0,0.5756654091112275,0.0,620.9157509157509,826.8131868131868,853.8095238095239,684.981684981685,0.428589,0.005249,0.906921,3.872986,-1.674805,1.166382,1.0,4.0,4.0,2.0,1.0,90.0,,307,RHC,Female,Yes,Left
63,63,2022-11-01 14:34:26.807,,,,,,,,,,,,,,,,,,,,,,,,,,,,,,,,,,,,,,/muse/elements/blink,307,RHC,Female,Yes,Left
64,64,2022-11-01 14:34:27.104,0.0,0.0,0.0,0.3370187056859101,0.0,0.0,0.0,0.7372885008513288,0.0,0.0,0.0,0.7533785169068349,0.0,0.0,0.0,0.6104332966150496,0.0,0.0,0.0,0.5883592491234906,16.11721611721612,775.6410256410256,906.5934065934066,816.7399267399268,817.948717948718,0.449951,0.017151,0.913391,2.878571,-5.988922,-1.42807,1.0,4.0,4.0,2.0,1.0,90.0,,307,RHC,Female,Yes,Left
65,65,2022-11-01 14:34:28.098,0.0,0.0,0.0,0.7884176544598723,0.0,0.0,0.0,0.6374986377284958,0.0,0.0,0.0,1.114874112132892,0.0,0.0,0.0,0.8649986081157076,0.0,0.0,0.0,0.6968454020174009,0.0,420.6593406593407,762.3443223443223,786.1172161172161,800.2197802197802,0.464783,0.014709,0.905212,3.641205,-4.403839,-0.56076,1.0,4.0,4.0,2.0,1.0,90.0,,307,RHC,Female,Yes,Left
66,66,2022-11-01 14:34:29.100,0.0,0.0,0.0,0.5635273853051025,0.0,0.0,0.0,0.49030590840744,0.0,0.0,0.0,0.9865505408334256,0.0,0.0,0.0,0.8755619666782639,0.0,0.0,0.0,0.5416011606231724,111.6117216117216,580.2197802197802,743.4065934065934,834.8717948717949,730.5128205128206,0.466492,0.010681,0.905212,1.480408,-4.321594,-0.530853,1.0,4.0,4.0,2.0,1.0,90.0,,307,RHC,Female,Yes,Left
67,67,2022-11-01 14:34:30.098,0.0,0.0,0.0,0.3882926155601373,0.0,0.0,0.0,0.3048486543297227,0.0,0.0,0.0,0.9756385340133892,0.0,0.0,0.0,0.7808606794346221,0.0,0.0,0.0,0.3873407872171499,0.0,728.0952380952381,934.7985347985348,811.9047619047619,727.6923076923077,0.488953,0.027222,0.903259,3.544006,-4.187012,3.476715,1.0,4.0,4.0,2.0,1.0,90.0,,307,RHC,Female,Yes,Left
68,68,2022-11-01 14:34:31.100,0.0,0.0,0.0,0.514255563219677,0.0,0.0,0.0,0.6746317131945816,0.0,0.0,0.0,1.031556231010259,0.0,0.0,0.0,0.5900799579202821,0.0,0.0,0.0,0.5210337092726514,0.0,171.6483516483516,649.92673992674,794.1758241758242,992.014652014652,0.465027,0.019409,0.908508,2.624359,-5.52536,-0.254211,1.0,4.0,4.0,2.0,1.0,90.0,,307,RHC,Female,Yes,Left
69,69,2022-11-01 14:34:32.098,0.0,0.0,0.0,0.4331124800353867,0.0,0.0,0.0,0.734839604153819,0.0,0.0,0.0,0.971355146313151,0.0,0.0,0.0,0.5382944981384082,0.0,0.0,0.0,0.486345228358332,0.0,345.3113553113553,685.7875457875458,805.054945054945,801.4285714285714,0.474792,0.017822,0.897339,3.379517,-4.777679,-0.37384,1.0,4.0,4.0,2.0,1.0,90.0,,307,RHC,Female,Yes,Left
70,70,2022-11-01 14:34:33.098,0.0,0.0,0.0,0.728122420396434,0.0,0.0,0.0,0.6543928034424707,0.0,0.0,0.0,1.292950542501452,0.0,0.0,0.0,0.6936375118420236,0.0,0.0,0.0,0.7045288369201309,0.0,667.6556776556777,894.1025641025641,758.3150183150184,717.6190476190476,0.47699,0.010071,0.885254,3.297272,-4.246826,-0.02243,1.0,4.0,4.0,2.0,1.0,90.0,,307,RHC,Female,Yes,Left
71,71,2022-11-01 14:34:33.793,,,,,,,,,,,,,,,,,,,,,,,,,,,,,,,,,,,,,,/muse/elements/blink,307,RHC,Female,Yes,Left
72,72,2022-11-01 14:34:34.098,0.0,0.0,0.0,1.043544585144806,0.0,0.0,0.0,0.7748917101066053,0.0,0.0,0.0,1.292950542501452,0.0,0.0,0.0,0.8813982450886231,0.0,0.0,0.0,0.8302097935589045,0.0,108.3882783882784,486.7399267399268,826.8131868131868,844.945054945055,0.504395,0.019592,0.877197,2.512207,-5.517883,0.254211,1.0,4.0,4.0,2.0,1.0,90.0,,307,RHC,Female,Yes,Left
73,73,2022-11-01 14:34:35.102,0.0,0.0,0.0,1.250099183757124,0.0,0.0,0.0,0.8510736971744991,0.0,0.0,0.0,1.185903891064194,0.0,0.0,0.0,0.981002013090352,0.0,0.0,0.0,0.7902720206515027,0.0,442.8205128205128,813.5164835164835,778.0586080586081,797.8021978021978,0.519226,0.026611,0.878235,3.18512,-4.553375,1.360779,1.0,4.0,4.0,2.0,1.0,90.0,,307,RHC,Female,Yes,Left
74,74,2022-11-01 14:34:36.100,0.0,0.0,0.0,0.5708510390329933,0.0,0.0,0.0,0.338317654515579,0.0,0.0,0.0,0.6350811047509849,0.0,0.0,0.0,0.7519640822180083,0.0,0.0,0.0,0.8132058253050879,0.0,868.3150183150184,904.1758241758242,819.5604395604396,758.7179487179487,0.515076,0.026001,0.87616,3.439331,-5.510406,0.448608,1.0,4.0,4.0,2.0,1.0,90.0,,307,RHC,Female,Yes,Left
75,75,2022-11-01 14:34:37.104,0.0,0.0,0.0,0.469617198024769,0.0,0.0,0.0,0.4300998525608568,0.0,0.0,0.0,0.998723424298455,0.0,0.0,0.0,0.851750636550291,0.0,0.0,0.0,0.7366937284246283,203.0769230769231,641.0622710622711,796.5934065934066,792.1611721611722,765.9706959706959,0.526306,0.030396,0.873474,3.641205,-0.680389,-3.110352,1.0,4.0,4.0,2.0,1.0,90.0,,307,RHC,Female,Yes,Left
76,76,2022-11-01 14:34:38.048,,,,,,,,,,,,,,,,,,,,,,,,,,,,,,,,,,,,,,/muse/elements/blink,307,RHC,Female,Yes,Left
77,77,2022-11-01 14:34:38.103,0.0,0.0,0.0,0.8452522980934536,0.0,0.0,0.0,0.7917958353107063,0.0,0.0,0.0,1.104080381108947,0.0,0.0,0.0,0.880706288440842,0.0,0.0,0.0,0.8377769148622859,1621.391941391941,1181.391941391941,834.8717948717949,879.1941391941392,578.2051282051282,0.162109,0.056519,1.038452,3.252411,3.058014,8.351593,1.0,4.0,4.0,2.0,1.0,90.0,,307,RHC,Female,Yes,Left
78,78,2022-11-01 14:34:38.378,,,,,,,,,,,,,,,,,,,,,,,,,,,,,,,,,,,,,,/muse/elements/blink,307,RHC,Female,Yes,Left
79,79,2022-11-01 14:34:38.849,,,,,,,,,,,,,,,,,,,,,,,,,,,,,,,,,,,,,,/muse/elements/blink,307,RHC,Female,Yes,Left
80,80,2022-11-01 14:34:39.103,0.0,0.0,0.0,1.059846485782395,0.0,0.0,0.0,1.008475223482671,0.0,0.0,0.0,0.91301813252206,0.0,0.0,0.0,0.98751963034003,0.0,0.0,0.0,0.960486883596077,2.014652014652015,638.2417582417582,624.5421245421246,914.2490842490844,532.2710622710623,0.158203,0.013855,1.002869,-0.358887,-16.613464,-41.369171,1.0,4.0,4.0,2.0,1.0,90.0,,307,RHC,Female,Yes,Left
81,81,2022-11-01 14:34:39.690,,,,,,,,,,,,,,,,,,,,,,,,,,,,,,,,,,,,,,/muse/elements/blink,307,RHC,Female,Yes,Left
