,Unnamed: 0,TimeStamp,Delta_TP9,Delta_AF7,Delta_AF8,Delta_TP10,Theta_TP9,Theta_AF7,Theta_AF8,Theta_TP10,Alpha_TP9,Alpha_AF7,Alpha_AF8,Alpha_TP10,Beta_TP9,Beta_AF7,Beta_AF8,Beta_TP10,Gamma_TP9,Gamma_AF7,Gamma_AF8,Gamma_TP10,RAW_TP9,RAW_AF7,RAW_AF8,RAW_TP10,AUX_RIGHT,Accelerometer_X,Accelerometer_Y,Accelerometer_Z,Gyro_X,Gyro_Y,Gyro_Z,HeadBandOn,HSI_TP9,HSI_AF7,HSI_AF8,HSI_TP10,Battery,Elements,Participant,Test,Gender,English,Dominance
0,0,2022-11-01 15:34:07.684,,,,,,,,,,,,,,,,,,,,,,,,,,,,,,,,,,,,,,/muse/event/connected Muse-9E89,311,RHC,Male,No,Right
1,1,2022-11-01 15:34:08.686,0.51347472660876,0.0,0.0,1.310117589361747,0.4869843430836415,0.0,0.0,0.993519029131836,1.043129148144552,0.0,0.0,0.3622001868720385,0.5506776164354548,0.0,0.0,0.6961857747920438,0.3572369531513013,0.0,0.0,0.6246463038535137,869.5238095238095,1068.571428571429,902.5641025641024,845.3479853479854,759.5238095238095,0.286499,-0.080994,0.968079,2.788849,-5.413208,0.299072,1.0,1.0,4.0,2.0,1.0,50.0,,311,RHC,Male,No,Right
2,2,2022-11-01 15:34:08.755,,,,,,,,,,,,,,,,,,,,,,,,,,,,,,,,,,,,,,/muse/elements/blink,311,RHC,Male,No,Right
3,3,2022-11-01 15:34:09.684,0.5719034978005967,0.0,0.0,1.310117589361747,0.5761156318753771,0.0,0.0,0.993519029131836,1.005222758422301,0.0,0.0,0.3622001868720385,0.7311950563252562,0.0,0.0,0.6961857747920438,0.5244738795937658,0.0,0.0,0.6246463038535137,766.3736263736264,566.5201465201466,673.6996336996338,778.8644688644689,856.2271062271062,0.34375,-0.09552,0.948547,4.643097,-4.658051,1.443024,1.0,1.0,4.0,2.0,1.0,55.0,,311,RHC,Male,No,Right
4,4,2022-11-01 15:34:10.685,0.5719034978005967,0.0,0.0,1.310117589361747,0.5761156318753771,0.0,0.0,0.993519029131836,1.005222758422301,0.0,0.0,0.3622001868720385,0.7311950563252562,0.0,0.0,0.6961857747920438,0.5244738795937658,0.0,0.0,0.6246463038535137,821.5750915750916,1196.703296703297,957.3626373626374,940.8424908424907,704.7252747252747,0.368286,-0.131958,0.949585,2.684174,-6.430054,9.069366,1.0,1.0,4.0,2.0,1.0,55.0,,311,RHC,Male,No,Right
5,5,2022-11-01 15:34:11.300,,,,,,,,,,,,,,,,,,,,,,,,,,,,,,,,,,,,,,/muse/elements/blink,311,RHC,Male,No,Right
6,6,2022-11-01 15:34:11.573,,,,,,,,,,,,,,,,,,,,,,,,,,,,,,,,,,,,,,/muse/elements/blink,311,RHC,Male,No,Right
7,7,2022-11-01 15:34:11.698,0.5719034978005967,0.0,0.0,1.310117589361747,0.5761156318753771,0.0,0.0,0.993519029131836,1.005222758422301,0.0,0.0,0.3622001868720385,0.7311950563252562,0.0,0.0,0.6961857747920438,0.5244738795937658,0.0,0.0,0.6246463038535137,876.7765567765568,1010.952380952381,888.0586080586081,1428.791208791209,575.7875457875458,0.375549,-0.137512,0.93335,2.983246,-3.319702,-1.024323,1.0,2.0,4.0,2.0,4.0,55.0,,311,RHC,Male,No,Right
8,8,2022-11-01 15:34:12.685,0.5719034978005967,0.0,0.0,1.310117589361747,0.5761156318753771,0.0,0.0,0.993519029131836,1.005222758422301,0.0,0.0,0.3622001868720385,0.7311950563252562,0.0,0.0,0.6961857747920438,0.5244738795937658,0.0,0.0,0.6246463038535137,802.6373626373627,692.6373626373627,747.4358974358975,834.8717948717949,830.4395604395604,0.328186,-0.126892,0.947937,2.422485,0.007477,6.332855,1.0,2.0,4.0,2.0,2.0,55.0,,311,RHC,Male,No,Right
9,9,2022-11-01 15:34:13.215,,,,,,,,,,,,,,,,,,,,,,,,,,,,,,,,,,,,,,/muse/elements/blink,311,RHC,Male,No,Right
10,10,2022-11-01 15:34:13.685,0.5719034978005967,0.0,0.0,1.310117589361747,0.5761156318753771,0.0,0.0,0.993519029131836,1.005222758422301,0.0,0.0,0.3622001868720385,0.7311950563252562,0.0,0.0,0.6961857747920438,0.5244738795937658,0.0,0.0,0.6246463038535137,826.4102564102565,1133.040293040293,922.7106227106228,778.8644688644689,649.92673992674,0.343689,-0.164612,0.944641,2.527161,-4.493561,0.508423,1.0,2.0,4.0,2.0,2.0,55.0,,311,RHC,Male,No,Right
11,11,2022-11-01 15:34:13.825,,,,,,,,,,,,,,,,,,,,,,,,,,,,,,,,,,,,,,/muse/elements/blink,311,RHC,Male,No,Right
12,12,2022-11-01 15:34:14.452,,,,,,,,,,,,,,,,,,,,,,,,,,,,,,,,,,,,,,/muse/elements/blink,311,RHC,Male,No,Right
13,13,2022-11-01 15:34:14.695,0.5719034978005967,0.0,0.0,1.310117589361747,0.5761156318753771,0.0,0.0,0.993519029131836,1.005222758422301,0.0,0.0,0.3622001868720385,0.7311950563252562,0.0,0.0,0.6961857747920438,0.5244738795937658,0.0,0.0,0.6246463038535137,823.5897435897436,795.3846153846154,973.882783882784,352.967032967033,662.4175824175825,0.450867,-0.186768,0.852173,6.714172,-5.241241,-15.858307,1.0,2.0,4.0,2.0,2.0,55.0,,311,RHC,Male,No,Right
14,14,2022-11-01 15:34:14.860,,,,,,,,,,,,,,,,,,,,,,,,,,,,,,,,,,,,,,/muse/elements/blink,311,RHC,Male,No,Right
15,15,2022-11-01 15:34:15.375,,,,,,,,,,,,,,,,,,,,,,,,,,,,,,,,,,,,,,/muse/elements/blink,311,RHC,Male,No,Right
16,16,2022-11-01 15:34:15.685,0.5719034978005967,0.0,0.0,1.310117589361747,0.5761156318753771,0.0,0.0,0.993519029131836,1.005222758422301,0.0,0.0,0.3622001868720385,0.7311950563252562,0.0,0.0,0.6961857747920438,0.5244738795937658,0.0,0.0,0.6246463038535137,929.5604395604396,728.4981684981685,691.8315018315019,1059.70695970696,801.025641025641,0.320007,-0.122437,0.942139,10.243225,0.134583,-4.321594,1.0,2.0,4.0,2.0,4.0,55.0,,311,RHC,Male,No,Right
17,17,2022-11-01 15:34:16.684,0.5719034978005967,0.0,0.0,1.310117589361747,0.5761156318753771,0.0,0.0,0.993519029131836,1.005222758422301,0.0,0.0,0.3622001868720385,0.7311950563252562,0.0,0.0,0.6961857747920438,0.5244738795937658,0.0,0.0,0.6246463038535137,841.3186813186813,1403.406593406593,913.846153846154,903.3699633699634,760.7326007326008,0.334167,-0.154541,0.946411,4.560852,-2.631836,1.794434,1.0,2.0,4.0,2.0,2.0,55.0,,311,RHC,Male,No,Right
18,18,2022-11-01 15:34:17.685,0.5719034978005967,0.0,0.0,1.310117589361747,0.5761156318753771,0.0,0.0,0.993519029131836,1.005222758422301,0.0,0.0,0.3622001868720385,0.7311950563252562,0.0,0.0,0.6961857747920438,0.5244738795937658,0.0,0.0,0.6246463038535137,823.5897435897436,1072.197802197802,867.1062271062272,844.945054945055,740.5860805860806,0.318787,-0.158203,0.958496,3.596344,-4.628143,0.239258,1.0,2.0,4.0,2.0,2.0,55.0,,311,RHC,Male,No,Right
19,19,2022-11-01 15:34:18.688,0.5719034978005967,0.0,0.0,1.310117589361747,0.5761156318753771,0.0,0.0,0.993519029131836,1.005222758422301,0.0,0.0,0.3622001868720385,0.7311950563252562,0.0,0.0,0.6961857747920438,0.5244738795937658,0.0,0.0,0.6246463038535137,828.4249084249085,596.7399267399268,709.1575091575091,809.4871794871796,756.3003663003664,0.309326,-0.168396,0.951111,3.18512,-4.9646,-0.91217,1.0,2.0,4.0,2.0,2.0,55.0,,311,RHC,Male,No,Right
20,20,2022-11-01 15:34:19.685,0.5719034978005967,0.0,0.0,1.310117589361747,0.5761156318753771,0.0,0.0,0.993519029131836,1.005222758422301,0.0,0.0,0.3622001868720385,0.7311950563252562,0.0,0.0,0.6961857747920438,0.5244738795937658,0.0,0.0,0.6246463038535137,848.1684981684982,1065.750915750916,933.992673992674,863.0769230769231,693.4432234432235,0.275208,-0.141846,0.957825,3.342133,-1.622467,-7.14035,1.0,2.0,4.0,2.0,2.0,55.0,,311,RHC,Male,No,Right
21,21,2022-11-01 15:34:20.685,0.8270725698927747,0.0,0.0,1.310117589361747,0.6315228461910701,0.0,0.0,0.993519029131836,0.6867098065854849,0.0,0.0,0.3622001868720385,0.686187781064203,0.0,0.0,0.6961857747920438,0.5957070994095279,0.0,0.0,0.6246463038535137,823.992673992674,370.6959706959707,616.4835164835165,809.8901098901099,1035.531135531136,0.333618,-0.133057,0.951416,3.192596,-5.891724,0.216827,1.0,1.0,4.0,2.0,1.0,55.0,,311,RHC,Male,No,Right
22,22,2022-11-01 15:34:21.326,,,,,,,,,,,,,,,,,,,,,,,,,,,,,,,,,,,,,,/muse/elements/blink,311,RHC,Male,No,Right
23,23,2022-11-01 15:34:21.684,0.8270725698927747,0.0,0.0,1.310117589361747,0.6315228461910701,0.0,0.0,0.993519029131836,0.6867098065854849,0.0,0.0,0.3622001868720385,0.686187781064203,0.0,0.0,0.6961857747920438,0.5957070994095279,0.0,0.0,0.6246463038535137,818.3516483516484,874.3589743589744,687.3992673992674,859.8534798534798,918.6813186813188,0.326233,-0.129578,0.957031,2.788849,-3.768311,0.306549,1.0,1.0,4.0,2.0,1.0,55.0,,311,RHC,Male,No,Right
24,24,2022-11-01 15:34:22.684,0.8270725698927747,0.0,0.0,1.310117589361747,0.6315228461910701,0.0,0.0,0.993519029131836,0.6867098065854849,0.0,0.0,0.3622001868720385,0.686187781064203,0.0,0.0,0.6961857747920438,0.5957070994095279,0.0,0.0,0.6246463038535137,756.3003663003664,48.75457875457876,354.981684981685,0.0,0.0,0.347351,-0.148376,0.954041,1.61499,-8.822632,0.306549,1.0,1.0,4.0,2.0,4.0,55.0,,311,RHC,Male,No,Right
25,25,2022-11-01 15:34:23.142,,,,,,,,,,,,,,,,,,,,,,,,,,,,,,,,,,,,,,/muse/elements/blink,311,RHC,Male,No,Right
26,26,2022-11-01 15:34:23.482,,,,,,,,,,,,,,,,,,,,,,,,,,,,,,,,,,,,,,/muse/elements/blink,311,RHC,Male,No,Right
27,27,2022-11-01 15:34:23.685,1.477844760479284,0.0,0.0,1.310117589361747,1.108836697966056,0.0,0.0,0.993519029131836,0.5112617141316732,0.0,0.0,0.3622001868720385,0.6973340088173868,0.0,0.0,0.6961857747920438,0.3226209534931652,0.0,0.0,0.6246463038535137,821.5750915750916,1239.010989010989,942.051282051282,961.7948717948718,779.6703296703297,0.329834,-0.136658,0.946594,3.39447,-5.114136,0.545807,1.0,1.0,4.0,4.0,4.0,55.0,,311,RHC,Male,No,Right
28,28,2022-11-01 15:34:24.694,1.477844760479284,0.0,0.0,1.310117589361747,1.108836697966056,0.0,0.0,0.993519029131836,0.5112617141316732,0.0,0.0,0.3622001868720385,0.6973340088173868,0.0,0.0,0.6961857747920438,0.3226209534931652,0.0,0.0,0.6246463038535137,816.7399267399268,893.6996336996338,778.0586080586081,832.4542124542124,705.934065934066,0.344971,-0.146057,0.954773,2.422485,-5.570221,0.620575,1.0,1.0,4.0,2.0,2.0,55.0,,311,RHC,Male,No,Right
29,29,2022-11-01 15:34:25.690,1.477844760479284,0.0,0.0,1.310117589361747,1.108836697966056,0.0,0.0,0.993519029131836,0.5112617141316732,0.0,0.0,0.3622001868720385,0.6973340088173868,0.0,0.0,0.6961857747920438,0.3226209534931652,0.0,0.0,0.6246463038535137,801.8315018315019,1144.322344322344,950.10989010989,715.6043956043957,597.5457875457876,0.319519,-0.154968,0.957275,2.729034,-4.269257,0.089722,1.0,2.0,4.0,2.0,2.0,55.0,,311,RHC,Male,No,Right
30,30,2022-11-01 15:34:26.689,0.4505293021985568,0.0,0.0,1.310117589361747,0.7546477144688623,0.0,0.0,0.993519029131836,0.5970737001468107,0.0,0.0,0.3622001868720385,0.5199759458636141,0.0,0.0,0.6961857747920438,0.1863998718763062,0.0,0.0,0.6246463038535137,830.8424908424909,1085.494505494506,914.2490842490844,830.4395604395604,739.7802197802198,0.262817,-0.089661,0.97522,1.510315,-8.052521,6.983337,1.0,1.0,4.0,2.0,1.0,55.0,,311,RHC,Male,No,Right
31,31,2022-11-01 15:34:27.685,0.8779604100552516,0.0,0.0,1.310117589361747,1.029709208258891,0.0,0.0,0.993519029131836,0.9288356722257404,0.0,0.0,0.3622001868720385,0.8142098665180044,0.0,0.0,0.6961857747920438,0.3072172582411167,0.0,0.0,0.6246463038535137,830.0366300366301,917.0695970695972,814.3223443223443,852.1978021978023,703.5164835164835,0.243713,-0.004639,1.000671,8.643188,1.368256,-19.073334,1.0,1.0,4.0,2.0,1.0,55.0,,311,RHC,Male,No,Right
