,Unnamed: 0,TimeStamp,Delta_TP9,Delta_AF7,Delta_AF8,Delta_TP10,Theta_TP9,Theta_AF7,Theta_AF8,Theta_TP10,Alpha_TP9,Alpha_AF7,Alpha_AF8,Alpha_TP10,Beta_TP9,Beta_AF7,Beta_AF8,Beta_TP10,Gamma_TP9,Gamma_AF7,Gamma_AF8,Gamma_TP10,RAW_TP9,RAW_AF7,RAW_AF8,RAW_TP10,AUX_RIGHT,Accelerometer_X,Accelerometer_Y,Accelerometer_Z,Gyro_X,Gyro_Y,Gyro_Z,HeadBandOn,HSI_TP9,HSI_AF7,HSI_AF8,HSI_TP10,Battery,Elements,Participant,Test,Gender,English,Dominance
0,0,2022-11-01 21:49:54.525,,,,,,,,,,,,,,,,,,,,,,,,,,,,,,,,,,,,,,/muse/event/connected Muse-9E89,316,RHS,Female,Yes,Right
1,1,2022-11-01 21:49:54.548,1.418277,0.55803984,1.1795938,0.61312854,1.3518637,0.14334713,0.7299648,1.0868177,1.3381314,0.20700859,0.7333071,1.493629,0.9927561,0.5123938,0.73829603,1.4078995,0.7573856,0.22069526,0.39648047,1.1437688,820.7692,765.16486,790.54944,784.5055,714.7985,0.22332763671875,0.07781982421875,0.98455810546875,3.132781982421875,-7.888031005859375,-8.194580078125,1.0,1.0,1.0,1.0,1.0,70.0,,316,RHS,Female,Yes,Right
2,2,2022-11-01 21:49:55.566,0.47685465,0.55803984,0.755042,0.21243007,0.3245363,0.14334713,0.6181182,0.2128347,0.6284041,0.20700859,0.82197106,1.2304116,0.96018225,0.5123938,0.48396912,1.0104086,0.7213538,0.22069526,0.24637291,0.8733176,836.8865,681.75824,750.65936,775.64105,1095.5677,0.2352294921875,0.0872802734375,0.9940185546875,1.816864013671875,-3.96270751953125,-4.007568359375,1.0,1.0,1.0,1.0,1.0,65.0,,316,RHS,Female,Yes,Right
3,3,2022-11-01 21:49:55.997,,,,,,,,,,,,,,,,,,,,,,,,,,,,,,,,,,,,,,/muse/elements/blink,316,RHS,Female,Yes,Right
4,4,2022-11-01 21:49:56.580,0.47192225,0.55803984,0.9088525,0.21339776,0.2947467,0.14334713,0.42956144,0.24906805,0.6369621,0.20700859,0.50852776,1.2934407,0.90078807,0.5123938,0.37225538,1.0493331,0.6820037,0.22069526,0.18792535,0.8568532,844.5421,772.8205,723.663,791.3553,1024.652,0.17510986328125,0.03369140625,0.9930419921875,2.250518798828125,-4.3365478515625,5.06927490234375,1.0,1.0,1.0,1.0,1.0,65.0,,316,RHS,Female,Yes,Right
5,5,2022-11-01 21:49:57.322,,,,,,,,,,,,,,,,,,,,,,,,,,,,,,,,,,,,,,/muse/elements/blink,316,RHS,Female,Yes,Right
6,6,2022-11-01 21:49:57.596,0.47059685,0.55803984,1.0477829,0.22390126,0.35213637,0.14334713,0.53928137,0.29569712,0.61220235,0.20700859,0.4494288,1.2327198,0.84431356,0.5123938,0.42257434,1.0922179,0.6244522,0.22069526,0.26908615,0.8229445,848.5714,819.15753,900.14655,819.15753,654.7619,0.19830322265625,0.02825927734375,0.99346923828125,2.332763671875,-4.14215087890625,-0.7476806640625,1.0,1.0,1.0,1.0,1.0,65.0,,316,RHS,Female,Yes,Right
7,7,2022-11-01 21:49:58.611,0.47059685,0.55803984,1.0477829,0.22390126,0.35213637,0.14334713,0.53928137,0.29569712,0.61220235,0.20700859,0.4494288,1.2327198,0.84431356,0.5123938,0.42257434,1.0922179,0.6244522,0.22069526,0.26908615,0.8229445,836.8865,799.41394,887.25275,839.707,834.87177,0.20635986328125,0.02581787109375,0.99609375,3.641204833984375,-4.74029541015625,0.680389404296875,1.0,2.0,1.0,1.0,2.0,65.0,,316,RHS,Female,Yes,Right
8,8,2022-11-01 21:49:59.339,,,,,,,,,,,,,,,,,,,,,,,,,,,,,,,,,,,,,,/muse/elements/blink,316,RHS,Female,Yes,Right
9,9,2022-11-01 21:49:59.614,0.2506434,0.53476334,0.94343084,0.7874858,0.45024574,0.2509764,0.6701929,0.48846295,1.021332,0.60137624,0.66080874,1.004504,0.802731,0.612818,0.3611967,1.072132,0.79837924,0.121019505,0.11168806,0.89798915,821.978,794.17584,844.94507,859.0476,890.87915,0.21240234375,0.04052734375,0.99371337890625,2.91595458984375,-5.38330078125,0.059814453125,1.0,1.0,1.0,1.0,1.0,65.0,,316,RHS,Female,Yes,Right
10,10,2022-11-01 21:50:00.451,,,,,,,,,,,,,,,,,,,,,,,,,,,,,,,,,,,,,,/muse/elements/blink,316,RHS,Female,Yes,Right
11,11,2022-11-01 21:50:00.638,0.3001697,0.64519334,1.0278946,0.7209937,0.34810385,0.39697772,0.9239034,0.56559986,0.92236435,0.5615703,0.8222378,0.95323855,0.8344358,0.59284127,0.3519813,1.1266631,0.72112006,0.12535244,0.08412931,0.854837,844.94507,803.44324,821.978,841.7216,774.83514,0.19842529296875,0.05181884765625,0.99200439453125,2.691650390625,-5.839385986328125,-2.340240478515625,1.0,1.0,1.0,1.0,1.0,65.0,,316,RHS,Female,Yes,Right
12,12,2022-11-01 21:50:01.665,0.3001697,0.64519334,1.1449313,0.7209937,0.34810385,0.39697772,0.787855,0.56559986,0.92236435,0.5615703,0.84266657,0.95323855,0.8344358,0.59284127,0.49180987,1.1266631,0.72112006,0.12535244,0.1824677,0.854837,823.5897,819.15753,811.50183,857.03296,733.3333,0.20068359375,0.05828857421875,0.99737548828125,4.029998779296875,-2.714080810546875,-0.299072265625,1.0,1.0,1.0,1.0,1.0,65.0,,316,RHS,Female,Yes,Right
13,13,2022-11-01 21:50:02.293,,,,,,,,,,,,,,,,,,,,,,,,,,,,,,,,,,,,,,/muse/elements/blink,316,RHS,Female,Yes,Right
14,14,2022-11-01 21:50:02.698,0.7557695,0.55066526,1.086949,0.87449217,0.6763766,0.5311926,0.22572422,0.692852,1.0771284,0.6194594,0.6631272,1.2318109,0.9239002,0.574806,0.3917568,1.0047703,0.7962879,0.56427443,0.11546782,0.86703527,809.0842,816.337,840.9158,837.28937,953.73627,0.20904541015625,0.02978515625,0.99224853515625,-0.16448974609375,-5.084228515625,-3.536529541015625,1.0,1.0,1.0,1.0,1.0,65.0,,316,RHS,Female,Yes,Right
15,15,2022-11-01 21:50:03.602,,,,,,,,,,,,,,,,,,,,,,,,,,,,,,,,,,,,,,/muse/elements/blink,316,RHS,Female,Yes,Right
16,16,2022-11-01 21:50:03.731,0.82186884,0.6090974,1.2890447,0.98055524,0.8291896,0.6282102,0.34960377,0.7462106,1.0550073,0.5790353,0.62431216,0.99358106,0.9825432,0.5940563,0.24960558,0.95244104,0.7366806,0.43885306,0.15618147,0.8638612,798.20514,796.99634,806.26373,852.6007,849.3773,0.19927978515625,0.03216552734375,0.9952392578125,4.448699951171875,-4.3365478515625,0.321502685546875,1.0,1.0,1.0,1.0,1.0,65.0,,316,RHS,Female,Yes,Right
17,17,2022-11-01 21:50:04.752,0.82186884,0.6090974,0.16730763,0.98055524,0.8291896,0.6282102,0.029462365,0.7462106,1.0550073,0.5790353,0.43475595,0.99358106,0.9825432,0.5940563,0.16495927,0.95244104,0.7366806,0.43885306,0.3413065,0.8638612,828.8278,817.1429,809.0842,787.326,666.4469,0.22479248046875,-0.0087890625,0.9915771484375,2.6617431640625,-3.551483154296875,0.964508056640625,1.0,2.0,1.0,1.0,2.0,65.0,,316,RHS,Female,Yes,Right
18,18,2022-11-01 21:50:05.132,,,,,,,,,,,,,,,,,,,,,,,,,,,,,,,,,,,,,,/muse/elements/blink,316,RHS,Female,Yes,Right
19,19,2022-11-01 21:50:05.760,0.82186884,0.6090974,0.59257585,0.98055524,0.8291896,0.6282102,0.5568091,0.7462106,1.0550073,0.5790353,0.85696346,0.99358106,0.9825432,0.5940563,0.31884244,0.95244104,0.7366806,0.43885306,0.26228446,0.8638612,803.0403,807.8755,788.1319,781.685,736.9597,0.21148681640625,0.0040283203125,0.9976806640625,2.100982666015625,-5.084228515625,-0.94207763671875,1.0,2.0,1.0,1.0,2.0,65.0,,316,RHS,Female,Yes,Right
20,20,2022-11-01 21:50:06.780,0.5311321,0.6090974,0.81194353,0.8906292,0.45149684,0.6282102,0.3669869,0.749466,1.1225061,0.5790353,0.33922756,1.3675998,1.1570442,0.5940563,0.3923959,1.2239631,0.85768664,0.43885306,0.054359574,0.92374355,807.0696,795.78754,788.93774,762.74725,750.65936,0.2301025390625,-0.008056640625,0.99871826171875,4.41131591796875,-4.5458984375,2.714080810546875,1.0,1.0,1.0,1.0,1.0,65.0,,316,RHS,Female,Yes,Right
21,21,2022-11-01 21:50:07.356,,,,,,,,,,,,,,,,,,,,,,,,,,,,,,,,,,,,,,/muse/elements/blink,316,RHS,Female,Yes,Right
22,22,2022-11-01 21:50:07.806,0.5355589,0.6090974,0.58910394,1.0274673,0.35154077,0.6282102,0.3378278,0.7991032,1.1218705,0.5790353,0.088111825,1.611989,1.1240611,0.5940563,0.19756767,1.2871343,0.85821044,0.43885306,-0.1233916,0.9988723,828.022,807.0696,792.96704,792.5641,709.9634,0.2237548828125,0.0272216796875,0.99957275390625,5.226287841796875,-4.246826171875,0.949554443359375,1.0,1.0,1.0,1.0,1.0,65.0,,316,RHS,Female,Yes,Right
23,23,2022-11-01 21:50:08.560,,,,,,,,,,,,,,,,,,,,,,,,,,,,,,,,,,,,,,/muse/elements/blink,316,RHS,Female,Yes,Right
24,24,2022-11-01 21:50:08.823,0.5581165,0.6090974,0.51694995,1.1195349,0.107579865,0.6282102,0.32165694,0.7819637,0.65254235,0.5790353,0.05769424,1.6040485,1.0838348,0.5940563,0.040580355,1.3321141,0.883054,0.43885306,-0.23078193,1.0637779,777.6557,762.74725,808.68134,761.53845,696.26373,0.232421875,0.01959228515625,0.991943359375,1.9439697265625,-6.41510009765625,-1.398162841796875,1.0,1.0,1.0,1.0,1.0,65.0,,316,RHS,Female,Yes,Right
25,25,2022-11-01 21:50:09.258,,,,,,,,,,,,,,,,,,,,,,,,,,,,,,,,,,,,,,/muse/elements/blink,316,RHS,Female,Yes,Right
26,26,2022-11-01 21:50:09.775,,,,,,,,,,,,,,,,,,,,,,,,,,,,,,,,,,,,,,/muse/elements/blink,316,RHS,Female,Yes,Right
27,27,2022-11-01 21:50:09.838,0.5581165,0.6090974,0.51694995,1.1195349,0.107579865,0.6282102,0.32165694,0.7819637,0.65254235,0.5790353,0.05769424,1.6040485,1.0838348,0.5940563,0.040580355,1.3321141,0.883054,0.43885306,-0.23078193,1.0637779,856.2271,804.2491,850.18317,868.315,819.5604,0.20635986328125,0.01031494140625,0.98687744140625,2.983245849609375,-2.7215576171875,3.805694580078125,1.0,1.0,1.0,1.0,1.0,65.0,,316,RHS,Female,Yes,Right
28,28,2022-11-01 21:50:10.850,0.5581165,0.6090974,1.2146627,1.1195349,0.107579865,0.6282102,0.778518,0.7819637,0.65254235,0.5790353,0.7167539,1.6040485,1.0838348,0.5940563,0.34256056,1.3321141,0.883054,0.43885306,0.14887317,1.0637779,796.5934,763.95605,655.16486,826.0073,883.22345,0.19189453125,0.03424072265625,0.99383544921875,7.1478271484375,12.87506103515625,8.291778564453125,1.0,2.0,1.0,1.0,2.0,65.0,,316,RHS,Female,Yes,Right
29,29,2022-11-01 21:50:10.994,,,,,,,,,,,,,,,,,,,,,,,,,,,,,,,,,,,,,,/muse/elements/blink,316,RHS,Female,Yes,Right
30,30,2022-11-01 21:50:11.858,0.5581165,0.6090974,1.2146627,1.1195349,0.107579865,0.6282102,0.778518,0.7819637,0.65254235,0.5790353,0.7167539,1.6040485,1.0838348,0.5940563,0.34256056,1.3321141,0.883054,0.43885306,0.14887317,1.0637779,854.61536,0.0,778.86444,861.06226,739.7802,0.114501953125,0.0460205078125,1.0052490234375,5.8319091796875,-7.5067138671875,3.96270751953125,1.0,2.0,4.0,1.0,2.0,65.0,,316,RHS,Female,Yes,Right
31,31,2022-11-01 21:50:12.033,,,,,,,,,,,,,,,,,,,,,,,,,,,,,,,,,,,,,,/muse/elements/blink,316,RHS,Female,Yes,Right
32,32,2022-11-01 21:50:12.872,0.5581165,0.6090974,1.1164154,1.1195349,0.107579865,0.6282102,0.6880498,0.7819637,0.65254235,0.5790353,0.6970886,1.6040485,1.0838348,0.5940563,0.32728922,1.3321141,0.883054,0.43885306,0.15761364,1.0637779,776.04395,651.53845,806.6667,811.0989,840.10986,0.14697265625,0.0679931640625,1.001953125,1.016845703125,-6.11602783203125,-3.267364501953125,1.0,2.0,1.0,1.0,2.0,65.0,,316,RHS,Female,Yes,Right
33,33,2022-11-01 21:50:13.362,,,,,,,,,,,,,,,,,,,,,,,,,,,,,,,,,,,,,,/muse/elements/blink,316,RHS,Female,Yes,Right
34,34,2022-11-01 21:50:13.887,0.5581165,0.6090974,1.1164154,1.1195349,0.107579865,0.6282102,0.6880498,0.7819637,0.65254235,0.5790353,0.6970886,1.6040485,1.0838348,0.5940563,0.32728922,1.3321141,0.883054,0.43885306,0.15761364,1.0637779,782.0879,730.9158,833.663,820.3663,811.9048,0.1619873046875,0.06341552734375,1.00433349609375,2.250518798828125,-2.94586181640625,-1.128997802734375,1.0,2.0,1.0,1.0,2.0,65.0,,316,RHS,Female,Yes,Right
35,35,2022-11-01 21:50:14.909,0.5581165,0.6090974,0.19260843,1.1195349,0.107579865,0.6282102,0.5260821,0.7819637,0.65254235,0.5790353,0.23135762,1.6040485,1.0838348,0.5940563,0.27664152,1.3321141,0.883054,0.43885306,0.048248943,1.0637779,825.6044,786.9231,830.4396,832.8571,719.6337,0.18548583984375,0.06341552734375,1.00238037109375,4.08233642578125,-5.211334228515625,0.919647216796875,1.0,2.0,1.0,1.0,2.0,65.0,,316,RHS,Female,Yes,Right
36,36,2022-11-01 21:50:15.920,0.57039005,0.6090974,0.5489494,1.1195349,0.63933307,0.6282102,0.6173388,0.7819637,1.118378,0.5790353,0.4269835,1.6040485,1.3055776,0.5940563,0.20966539,1.3321141,0.82095444,0.43885306,0.13973543,1.0637779,800.2198,791.3553,836.8865,830.84247,830.84247,0.17572021484375,0.0543212890625,0.999755859375,3.2000732421875,-5.7122802734375,-1.06170654296875,1.0,1.0,1.0,1.0,1.0,65.0,,316,RHS,Female,Yes,Right
37,37,2022-11-01 21:50:16.302,,,,,,,,,,,,,,,,,,,,,,,,,,,,,,,,,,,,,,/muse/elements/blink,316,RHS,Female,Yes,Right
38,38,2022-11-01 21:50:16.949,0.58166724,0.6090974,0.8865166,0.79106665,0.61864984,0.6282102,0.72445935,0.38185436,1.118378,0.5790353,0.3043074,1.6775751,1.3008382,0.5940563,0.11418606,1.0900757,0.86629665,0.43885306,0.109014735,1.0301619,785.7143,768.7912,822.381,823.5897,1082.674,0.1942138671875,0.04681396484375,1.00439453125,1.27105712890625,-4.299163818359375,-1.27105712890625,1.0,1.0,1.0,1.0,1.0,65.0,,316,RHS,Female,Yes,Right
39,39,2022-11-01 21:50:17.793,,,,,,,,,,,,,,,,,,,,,,,,,,,,,,,,,,,,,,/muse/elements/blink,316,RHS,Female,Yes,Right
40,40,2022-11-01 21:50:17.965,0.58166724,0.6090974,0.4002324,0.79106665,0.61864984,0.6282102,0.33385953,0.38185436,1.118378,0.5790353,0.74410695,1.6775751,1.3008382,0.5940563,0.3396434,1.0900757,0.86629665,0.43885306,-0.0079074,1.0301619,765.16486,752.674,800.2198,787.326,763.1502,0.20782470703125,0.0504150390625,0.99005126953125,2.175750732421875,-4.5758056640625,-3.70849609375,1.0,1.0,1.0,1.0,1.0,65.0,,316,RHS,Female,Yes,Right
41,41,2022-11-01 21:50:18.977,0.58166724,0.6090974,0.45031393,0.79106665,0.61864984,0.6282102,0.3985141,0.38185436,1.118378,0.5790353,0.74410695,1.6775751,1.3008382,0.5940563,0.3514221,1.0900757,0.86629665,0.43885306,-0.05607556,1.0301619,835.2747,810.696,849.7802,808.68134,631.79486,0.2056884765625,0.06402587890625,0.9923095703125,5.6524658203125,-4.269256591796875,4.1571044921875,1.0,2.0,1.0,1.0,2.0,65.0,,316,RHS,Female,Yes,Right
42,42,2022-11-01 21:50:19.953,,,,,,,,,,,,,,,,,,,,,,,,,,,,,,,,,,,,,,/muse/elements/blink,316,RHS,Female,Yes,Right
43,43,2022-11-01 21:50:19.989,0.58166724,0.6090974,0.45031393,0.79106665,0.61864984,0.6282102,0.3985141,0.38185436,1.118378,0.5790353,0.74410695,1.6775751,1.3008382,0.5940563,0.3514221,1.0900757,0.86629665,0.43885306,-0.05607556,1.0301619,781.685,757.9121,873.95605,742.1978,807.0696,0.23016357421875,0.04229736328125,0.99102783203125,4.35150146484375,-5.96649169921875,2.452392578125,1.0,2.0,1.0,1.0,2.0,65.0,,316,RHS,Female,Yes,Right
44,44,2022-11-01 21:50:20.239,,,,,,,,,,,,,,,,,,,,,,,,,,,,,,,,,,,,,,/muse/elements/blink,316,RHS,Female,Yes,Right
45,45,2022-11-01 21:50:21.012,0.58166724,0.6090974,0.45031393,0.79106665,0.61864984,0.6282102,0.3985141,0.38185436,1.118378,0.5790353,0.74410695,1.6775751,1.3008382,0.5940563,0.3514221,1.0900757,0.86629665,0.43885306,-0.05607556,1.0301619,835.6777,806.6667,806.26373,818.7546,759.12085,0.21844482421875,0.08697509765625,0.99853515625,1.069183349609375,-5.226287841796875,-2.76641845703125,1.0,2.0,1.0,1.0,2.0,65.0,,316,RHS,Female,Yes,Right
46,46,2022-11-01 21:50:21.687,,,,,,,,,,,,,,,,,,,,,,,,,,,,,,,,,,,,,,/muse/elements/blink,316,RHS,Female,Yes,Right
47,47,2022-11-01 21:50:22.035,0.58166724,0.6090974,0.8090993,0.79106665,0.61864984,0.6282102,0.88141274,0.38185436,1.118378,0.5790353,0.9665409,1.6775751,1.3008382,0.5940563,0.8933169,1.0900757,0.86629665,0.43885306,0.01963046,1.0301619,844.5421,811.9048,808.68134,792.5641,738.5714,0.246337890625,0.09381103515625,0.99176025390625,2.930908203125,-3.850555419921875,-0.70281982421875,1.0,2.0,1.0,1.0,2.0,65.0,,316,RHS,Female,Yes,Right
48,48,2022-11-01 21:50:22.899,,,,,,,,,,,,,,,,,,,,,,,,,,,,,,,,,,,,,,/muse/elements/blink,316,RHS,Female,Yes,Right
49,49,2022-11-01 21:50:23.049,0.58166724,0.6090974,0.8076539,0.79106665,0.61864984,0.6282102,0.78930795,0.38185436,1.118378,0.5790353,0.93145835,1.6775751,1.3008382,0.5940563,0.7246854,1.0900757,0.86629665,0.43885306,0.31616908,1.0301619,839.707,782.49084,792.96704,786.1172,882.4176,0.2353515625,0.0810546875,0.98681640625,3.431854248046875,-4.306640625,0.07476806640625,1.0,2.0,1.0,1.0,2.0,65.0,,316,RHS,Female,Yes,Right
50,50,2022-11-01 21:50:23.642,,,,,,,,,,,,,,,,,,,,,,,,,,,,,,,,,,,,,,/muse/elements/blink,316,RHS,Female,Yes,Right
51,51,2022-11-01 21:50:24.068,0.58166724,0.6090974,0.8076539,0.79106665,0.61864984,0.6282102,0.78930795,0.38185436,1.118378,0.5790353,0.93145835,1.6775751,1.3008382,0.5940563,0.7246854,1.0900757,0.86629665,0.43885306,0.31616908,1.0301619,781.685,1276.8865,761.53845,698.2784,977.9121,0.1693115234375,-0.3009033203125,0.9422607421875,-19.566802978515625,6.901092529296875,-21.301422119140625,1.0,2.0,1.0,1.0,2.0,65.0,,316,RHS,Female,Yes,Right
52,52,2022-11-01 21:50:25.074,0.58166724,0.6090974,0.8076539,0.79106665,0.61864984,0.6282102,0.78930795,0.38185436,1.118378,0.5790353,0.93145835,1.6775751,1.3008382,0.5940563,0.7246854,1.0900757,0.86629665,0.43885306,0.31616908,1.0301619,832.4542,768.3883,834.4689,868.71796,996.8498,0.16229248046875,-0.3077392578125,0.95611572265625,2.94586181640625,-6.138458251953125,1.772003173828125,1.0,2.0,1.0,1.0,2.0,65.0,,316,RHS,Female,Yes,Right
53,53,2022-11-01 21:50:25.455,,,,,,,,,,,,,,,,,,,,,,,,,,,,,,,,,,,,,,/muse/elements/blink,316,RHS,Female,Yes,Right
54,54,2022-11-01 21:50:26.094,0.58166724,0.6090974,0.8076539,0.79106665,0.61864984,0.6282102,0.78930795,0.38185436,1.118378,0.5790353,0.93145835,1.6775751,1.3008382,0.5940563,0.7246854,1.0900757,0.86629665,0.43885306,0.31616908,1.0301619,844.1392,778.46155,805.05493,871.9414,803.44324,0.164306640625,-0.316162109375,0.9586181640625,5.1141357421875,-4.32159423828125,0.680389404296875,1.0,2.0,1.0,1.0,2.0,65.0,,316,RHS,Female,Yes,Right
55,55,2022-11-01 21:50:26.469,,,,,,,,,,,,,,,,,,,,,,,,,,,,,,,,,,,,,,/muse/elements/blink,316,RHS,Female,Yes,Right
56,56,2022-11-01 21:50:27.111,0.58166724,0.6090974,0.8076539,0.79106665,0.61864984,0.6282102,0.78930795,0.38185436,1.118378,0.5790353,0.93145835,1.6775751,1.3008382,0.5940563,0.7246854,1.0900757,0.86629665,0.43885306,0.31616908,1.0301619,819.5604,777.6557,773.6264,851.39197,897.326,0.18841552734375,-0.281982421875,0.96417236328125,3.446807861328125,-4.7552490234375,-1.622467041015625,1.0,2.0,1.0,1.0,2.0,65.0,,316,RHS,Female,Yes,Right
57,57,2022-11-01 21:50:28.143,0.29264903,0.46470985,0.8076539,0.79106665,0.14253582,-0.09653632,0.78930795,0.38185436,0.627587,0.5396695,0.93145835,1.6775751,1.0546744,0.15245928,0.7246854,1.0900757,0.6349966,0.0071770037,0.31616908,1.0301619,792.96704,757.9121,778.46155,830.4396,693.0403,0.19537353515625,-0.2689208984375,0.96392822265625,5.106658935546875,-5.86181640625,1.457977294921875,1.0,1.0,1.0,1.0,1.0,65.0,,316,RHS,Female,Yes,Right
58,58,2022-11-01 21:50:28.773,,,,,,,,,,,,,,,,,,,,,,,,,,,,,,,,,,,,,,/muse/elements/blink,316,RHS,Female,Yes,Right
59,59,2022-11-01 21:50:29.170,0.32779434,0.3628482,1.0058998,0.226725,0.15953928,-0.13873556,1.0005436,0.044080116,0.72816306,0.60385054,0.73256445,1.0857464,1.1622013,0.25764093,0.6764383,1.2676923,0.7884092,0.036834743,0.12704837,0.9029842,811.50183,805.4579,789.34064,835.6777,660.80585,0.194091796875,-0.22216796875,0.97265625,4.44122314453125,-4.605712890625,-1.12152099609375,1.0,1.0,1.0,1.0,1.0,65.0,,316,RHS,Female,Yes,Right
60,60,2022-11-01 21:50:30.192,0.36806887,0.18865268,0.34148002,0.2471755,0.17989819,-0.197998,0.27929673,0.09970206,0.6094719,0.5855968,0.41266873,1.0622736,1.2674218,0.36105666,0.50807226,1.2954373,0.92576146,0.07126763,0.17362675,0.93905884,758.315,781.685,774.43225,827.2161,830.4396,0.1981201171875,-0.2274169921875,0.98089599609375,3.15521240234375,-4.18701171875,0.40374755859375,1.0,1.0,1.0,1.0,1.0,65.0,,316,RHS,Female,Yes,Right
61,61,2022-11-01 21:50:31.027,,,,,,,,,,,,,,,,,,,,,,,,,,,,,,,,,,,,,,/muse/elements/blink,316,RHS,Female,Yes,Right
62,62,2022-11-01 21:50:31.214,1.0795015,0.4913242,0.48445955,1.0775493,0.94123936,0.21887036,0.14489497,1.1189746,1.2358465,0.42088062,0.4216585,1.5416477,1.2510052,0.47819486,0.40126795,1.2238376,1.0297623,0.12408582,0.074388124,0.84070355,815.5311,784.90845,767.98535,767.1795,643.0769,0.21795654296875,-0.22674560546875,0.9688720703125,2.400054931640625,-5.42816162109375,1.592559814453125,1.0,1.0,1.0,1.0,1.0,65.0,,316,RHS,Female,Yes,Right
63,63,2022-11-01 21:50:32.237,1.2476037,0.3839568,0.62826216,1.33634,1.2646644,0.015806248,0.15333134,1.3970834,1.2754865,0.40344453,0.24981982,1.5432025,1.0981767,0.47265673,0.30603063,1.2037501,1.1400381,0.11856154,-0.074397884,1.016927,812.71063,762.3443,806.26373,764.7619,715.2015,0.20758056640625,-0.20892333984375,0.97784423828125,2.70660400390625,-4.702911376953125,1.218719482421875,1.0,1.0,1.0,1.0,1.0,65.0,,316,RHS,Female,Yes,Right
64,64,2022-11-01 21:50:32.576,,,,,,,,,,,,,,,,,,,,,,,,,,,,,,,,,,,,,,/muse/elements/blink,316,RHS,Female,Yes,Right
65,65,2022-11-01 21:50:33.006,,,,,,,,,,,,,,,,,,,,,,,,,,,,,,,,,,,,,,/muse/elements/blink,316,RHS,Female,Yes,Right
66,66,2022-11-01 21:50:33.255,0.6976756,0.3839568,0.62826216,1.3202333,0.5229023,0.015806248,0.15333134,1.3624878,1.1580894,0.40344453,0.24981982,1.4703438,1.0387329,0.47265673,0.30603063,1.2061042,1.2331911,0.11856154,-0.074397884,1.0750253,825.2015,792.5641,776.04395,830.0366,711.978,0.192626953125,-0.20440673828125,0.9720458984375,4.53094482421875,-6.751556396484375,-3.596343994140625,1.0,1.0,1.0,1.0,1.0,65.0,,316,RHS,Female,Yes,Right
67,67,2022-11-01 21:50:34.268,0.72264045,0.3839568,0.62826216,1.3202333,0.5389844,0.015806248,0.15333134,1.3624878,1.1488173,0.40344453,0.24981982,1.4703438,0.9886199,0.47265673,0.30603063,1.2061042,1.2234998,0.11856154,-0.074397884,1.0750253,819.15753,797.3993,809.89014,784.10254,816.7399,0.1759033203125,-0.218994140625,0.9818115234375,0.897216796875,0.022430419921875,-1.39068603515625,1.0,1.0,1.0,1.0,1.0,65.0,,316,RHS,Female,Yes,Right
68,68,2022-11-01 21:50:34.845,,,,,,,,,,,,,,,,,,,,,,,,,,,,,,,,,,,,,,/muse/elements/blink,316,RHS,Female,Yes,Right
69,69,2022-11-01 21:50:35.291,0.72264045,0.3839568,0.89474165,1.3202333,0.5389844,0.015806248,0.8251873,1.3624878,1.1488173,0.40344453,0.6808281,1.4703438,0.9886199,0.47265673,0.43809754,1.2061042,1.2234998,0.11856154,-0.08724626,1.0750253,832.8571,796.1905,788.1319,782.0879,652.3443,0.18798828125,-0.181396484375,0.98712158203125,5.96649169921875,-3.342132568359375,-3.99261474609375,1.0,2.0,1.0,1.0,2.0,65.0,,316,RHS,Female,Yes,Right
70,70,2022-11-01 21:50:35.788,,,,,,,,,,,,,,,,,,,,,,,,,,,,,,,,,,,,,,/muse/elements/blink,316,RHS,Female,Yes,Right
71,71,2022-11-01 21:50:36.321,0.72264045,0.3839568,0.7290549,1.3202333,0.5389844,0.015806248,0.8794578,1.3624878,1.1488173,0.40344453,0.67288804,1.4703438,0.9886199,0.47265673,0.40017816,1.2061042,1.2234998,0.11856154,-0.04632319,1.0750253,818.7546,808.2784,759.92676,822.381,665.64105,0.198974609375,-0.17547607421875,0.98724365234375,4.164581298828125,-3.87298583984375,0.73272705078125,1.0,2.0,1.0,1.0,2.0,65.0,,316,RHS,Female,Yes,Right
72,72,2022-11-01 21:50:36.326,,,,,,,,,,,,,,,,,,,,,,,,,,,,,,,,,,,,,,/muse/elements/blink,316,RHS,Female,Yes,Right
73,73,2022-11-01 21:50:37.105,,,,,,,,,,,,,,,,,,,,,,,,,,,,,,,,,,,,,,/muse/elements/blink,316,RHS,Female,Yes,Right
74,74,2022-11-01 21:50:37.359,0.72264045,0.3839568,0.7290549,1.3202333,0.5389844,0.015806248,0.8794578,1.3624878,1.1488173,0.40344453,0.67288804,1.4703438,0.9886199,0.47265673,0.40017816,1.2061042,1.2234998,0.11856154,-0.04632319,1.0750253,815.9341,792.96704,786.9231,767.5824,701.9048,0.1749267578125,-0.17333984375,0.98345947265625,2.73651123046875,-2.10845947265625,1.016845703125,1.0,2.0,1.0,1.0,2.0,65.0,,316,RHS,Female,Yes,Right
75,75,2022-11-01 21:50:37.738,,,,,,,,,,,,,,,,,,,,,,,,,,,,,,,,,,,,,,/muse/elements/blink,316,RHS,Female,Yes,Right
76,76,2022-11-01 21:50:38.386,0.72264045,0.8655503,0.7290549,1.3202333,0.5389844,0.6037706,0.8794578,1.3624878,1.1488173,0.91309994,0.67288804,1.4703438,0.9886199,0.58966476,0.40017816,1.2061042,1.2234998,0.11726025,-0.04632319,1.0750253,854.21246,814.3223,907.3993,810.696,736.1539,0.1861572265625,-0.14697265625,0.9964599609375,5.839385986328125,-5.465545654296875,2.684173583984375,1.0,2.0,1.0,1.0,2.0,65.0,,316,RHS,Female,Yes,Right
77,77,2022-11-01 21:50:38.954,,,,,,,,,,,,,,,,,,,,,,,,,,,,,,,,,,,,,,/muse/elements/blink,316,RHS,Female,Yes,Right
78,78,2022-11-01 21:50:39.401,0.72264045,0.9211771,0.7290549,1.3202333,0.5389844,0.6140363,0.8794578,1.3624878,1.1488173,0.82542217,0.67288804,1.4703438,0.9886199,0.5835463,0.40017816,1.2061042,1.2234998,0.07040693,-0.04632319,1.0750253,809.89014,782.49084,821.1722,757.9121,650.32965,0.16668701171875,-0.13458251953125,0.99786376953125,5.14404296875,-3.7982177734375,2.923431396484375,1.0,2.0,1.0,1.0,2.0,65.0,,316,RHS,Female,Yes,Right
79,79,2022-11-01 21:50:39.625,,,,,,,,,,,,,,,,,,,,,,,,,,,,,,,,,,,,,,/muse/elements/blink,316,RHS,Female,Yes,Right
80,80,2022-11-01 21:50:40.417,0.72264045,0.7902122,0.7290549,1.3202333,0.5389844,0.55053234,0.8794578,1.3624878,1.1488173,0.5775623,0.67288804,1.4703438,0.9886199,0.5593111,0.40017816,1.2061042,1.2234998,0.0697091,-0.04632319,1.0750253,845.7509,800.6227,798.20514,790.14655,844.5421,0.15997314453125,-0.11883544921875,0.99212646484375,2.75146484375,-4.6954345703125,0.10467529296875,1.0,2.0,1.0,1.0,2.0,65.0,,316,RHS,Female,Yes,Right
81,81,2022-11-01 21:50:40.782,,,,,,,,,,,,,,,,,,,,,,,,,,,,,,,,,,,,,,/muse/elements/blink,316,RHS,Female,Yes,Right
82,82,2022-11-01 21:50:41.445,0.72264045,0.7902122,0.7290549,1.3202333,0.5389844,0.55053234,0.8794578,1.3624878,1.1488173,0.5775623,0.67288804,1.4703438,0.9886199,0.5593111,0.40017816,1.2061042,1.2234998,0.0697091,-0.04632319,1.0750253,805.05493,791.75824,750.65936,838.0952,725.2747,0.1695556640625,-0.12542724609375,1.00213623046875,2.70660400390625,-4.18701171875,-1.772003173828125,1.0,2.0,1.0,1.0,2.0,65.0,,316,RHS,Female,Yes,Right
83,83,2022-11-01 21:50:42.317,,,,,,,,,,,,,,,,,,,,,,,,,,,,,,,,,,,,,,/muse/elements/blink,316,RHS,Female,Yes,Right
84,84,2022-11-01 21:50:42.496,0.72264045,0.7902122,0.7290549,1.3202333,0.5389844,0.55053234,0.8794578,1.3624878,1.1488173,0.5775623,0.67288804,1.4703438,0.9886199,0.5593111,0.40017816,1.2061042,1.2234998,0.0697091,-0.04632319,1.0750253,822.381,797.8022,826.4103,872.3443,752.27106,0.17022705078125,-0.12945556640625,0.991943359375,5.076751708984375,-4.08233642578125,2.91595458984375,1.0,2.0,1.0,1.0,2.0,65.0,,316,RHS,Female,Yes,Right
85,85,2022-11-01 21:50:42.787,,,,,,,,,,,,,,,,,,,,,,,,,,,,,,,,,,,,,,/muse/elements/blink,316,RHS,Female,Yes,Right
