,Unnamed: 0,TimeStamp,Delta_TP9,Delta_AF7,Delta_AF8,Delta_TP10,Theta_TP9,Theta_AF7,Theta_AF8,Theta_TP10,Alpha_TP9,Alpha_AF7,Alpha_AF8,Alpha_TP10,Beta_TP9,Beta_AF7,Beta_AF8,Beta_TP10,Gamma_TP9,Gamma_AF7,Gamma_AF8,Gamma_TP10,RAW_TP9,RAW_AF7,RAW_AF8,RAW_TP10,AUX_RIGHT,Accelerometer_X,Accelerometer_Y,Accelerometer_Z,Gyro_X,Gyro_Y,Gyro_Z,HeadBandOn,HSI_TP9,HSI_AF7,HSI_AF8,HSI_TP10,Battery,Elements,Participant,Test,Gender,English,Dominance
0,0,2022-11-01 14:28:23.211,,,,,,,,,,,,,,,,,,,,,,,,,,,,,,,,,,,,,,/muse/event/connected Muse-9E89,306,RHS,Male,Yes,Left
1,1,2022-11-01 14:28:24.212,1.064247217200838,0.7501951447852713,0.0,1.354307285160406,0.823722561242824,0.0085837431438929,0.0,0.4636349575477614,1.255852685834538,0.399255545147954,0.0,1.37737591715631,1.018290820361005,0.5504768899441179,0.0,1.367568190074902,0.6131299208547123,0.4874491289222012,0.0,1.0912725472583,763.5531135531136,757.1062271062272,689.4139194139194,796.5934065934066,991.2087912087912,0.111267,-0.13446,1.001038,2.557068,-10.205841,-4.523468,1.0,1.0,1.0,1.0,1.0,95.0,,306,RHS,Male,Yes,Left
2,2,2022-11-01 14:28:25.212,1.064247217200838,0.7501951447852713,0.0,1.354307285160406,0.823722561242824,0.0085837431438929,0.0,0.4636349575477614,1.255852685834538,0.399255545147954,0.0,1.37737591715631,1.018290820361005,0.5504768899441179,0.0,1.367568190074902,0.6131299208547123,0.4874491289222012,0.0,1.0912725472583,758.7179487179487,833.2600732600733,1024.652014652015,803.040293040293,657.1794871794872,0.151245,-0.116943,1.000427,9.017029,-1.958923,8.157196,1.0,1.0,1.0,2.0,1.0,95.0,,306,RHS,Male,Yes,Left
3,3,2022-11-01 14:28:25.583,,,,,,,,,,,,,,,,,,,,,,,,,,,,,,,,,,,,,,/muse/elements/jaw_clench,306,RHS,Male,Yes,Left
4,4,2022-11-01 14:28:26.211,1.064247217200838,0.7501951447852713,0.0,1.354307285160406,0.823722561242824,0.0085837431438929,0.0,0.4636349575477614,1.255852685834538,0.399255545147954,0.0,1.37737591715631,1.018290820361005,0.5504768899441179,0.0,1.367568190074902,0.6131299208547123,0.4874491289222012,0.0,1.0912725472583,820.7692307692308,862.6739926739926,990.0,833.2600732600733,765.1648351648352,0.172852,-0.133301,0.98407,9.196472,2.684174,10.078735,1.0,2.0,1.0,2.0,2.0,95.0,,306,RHS,Male,Yes,Left
5,5,2022-11-01 14:28:27.212,1.064247217200838,0.7501951447852713,0.0,1.354307285160406,0.823722561242824,0.0085837431438929,0.0,0.4636349575477614,1.255852685834538,0.399255545147954,0.0,1.37737591715631,1.018290820361005,0.5504768899441179,0.0,1.367568190074902,0.6131299208547123,0.4874491289222012,0.0,1.0912725472583,797.3992673992674,792.1611721611722,810.6959706959707,808.6813186813187,888.4615384615385,0.21167,-0.160156,0.984314,0.179443,-9.076843,-4.598236,1.0,2.0,1.0,2.0,2.0,100.0,,306,RHS,Male,Yes,Left
6,6,2022-11-01 14:28:28.212,1.064247217200838,-0.0815473941204063,0.0,1.354307285160406,0.823722561242824,0.074558013094284,0.0,0.4636349575477614,1.255852685834538,0.4312874788237623,0.0,1.37737591715631,1.018290820361005,0.8940835053261825,0.0,1.367568190074902,0.6131299208547123,0.2562335983342688,0.0,1.0912725472583,781.6849816849817,811.0989010989011,1046.410256410256,771.2087912087912,617.2893772893773,0.216187,-0.15332,0.983276,-2.960815,-7.088013,-8.747864,1.0,2.0,1.0,2.0,2.0,100.0,,306,RHS,Male,Yes,Left
7,7,2022-11-01 14:28:29.218,0.9486398546114336,0.04987140961193,0.0,0.9719028298749628,0.6527627158040266,0.0823363639983557,0.0,0.4229024846537096,0.4892237861359345,0.4422199252085126,0.0,0.6936796742057736,0.647755548473164,0.8300244481761739,0.0,1.035447820949002,0.4063995240909913,0.1806879741608419,0.0,0.6913659126567936,786.1172161172161,813.1135531135532,1054.871794871795,826.007326007326,672.893772893773,0.236755,-0.129272,0.985107,-0.18692,-7.11792,3.476715,1.0,1.0,1.0,2.0,1.0,100.0,,306,RHS,Male,Yes,Left
8,8,2022-11-01 14:28:30.212,0.7780411192483604,0.3610493468235937,0.0,0.6947419200800061,0.2519859849887702,0.2839307294278489,0.0,0.2315130681002397,0.5050646786817294,0.6132047260879931,0.0,0.924530750308712,0.7122905508662628,0.6961597197550609,0.0,0.9151497725335525,0.2331042097130327,0.1138081106276655,0.0,0.5927866042115084,803.4432234432235,788.9377289377289,735.3479853479854,823.5897435897436,919.0842490842492,0.257935,-0.184021,0.973694,3.514099,-4.000092,0.403748,1.0,1.0,1.0,2.0,1.0,100.0,,306,RHS,Male,Yes,Left
9,9,2022-11-01 14:28:31.211,0.4816138473666836,0.2577014504314195,0.0,0.3963025671325606,0.2551179424711754,0.2364843361644815,0.0,0.364594432677501,0.8993342117036075,0.642957516004603,0.0,0.9696725302014926,0.6242938298395047,0.7478816171798225,0.0,0.995210515306726,0.2906451204346833,0.4511871760632296,0.0,0.7017876859515906,769.1941391941392,814.7252747252747,956.1538461538462,790.5494505494506,690.6227106227107,0.235229,-0.169495,0.974548,-0.72525,-7.626343,-1.495361,1.0,1.0,1.0,2.0,1.0,100.0,,306,RHS,Male,Yes,Left
10,10,2022-11-01 14:28:32.212,0.3805182313663642,0.041351194851416,0.0,0.6049810971621157,0.161291000481581,0.1502078177097123,0.0,0.4955579971896393,0.8274897909411042,0.6232756497794053,0.0,0.5863186728098099,0.6157745333296474,0.8528849580487913,0.0,1.113941518359116,0.4049785130778655,0.4587895294044343,0.0,0.7448491229813801,793.7728937728938,805.054945054945,714.3956043956044,822.3809523809524,863.8827838827839,0.234314,-0.161682,0.977295,7.147827,-3.544006,3.828125,1.0,1.0,1.0,2.0,1.0,100.0,,306,RHS,Male,Yes,Left
11,11,2022-11-01 14:28:33.211,0.4840456342958729,-0.0206184251197542,0.0,0.2258483692226611,0.2671837596086439,0.1894862911535798,0.0,0.2234394287458798,0.6361004993521157,0.4747770289715414,0.0,0.5299053620692145,0.679836075774384,0.8247903226012802,0.0,1.009479758111246,0.4110784559489331,0.540048741256571,0.0,0.7439782675160909,774.0293040293041,797.3992673992674,799.4139194139194,793.3699633699634,899.3406593406594,0.319946,-0.195984,0.965698,4.972076,-0.650482,0.16449,1.0,1.0,1.0,2.0,1.0,100.0,,306,RHS,Male,Yes,Left
12,12,2022-11-01 14:28:34.212,0.5685206571013031,0.1211201277840666,0.0,0.2392835717624767,0.021205401533113,0.1543427462317317,0.0,0.0697889265293328,0.302134999507212,0.3761260863757562,0.0,0.4488108990782206,0.609348278234683,0.7787976753204723,0.0,0.9351359559254268,0.4006288378885165,0.3705589949918167,0.0,0.7581212107849467,779.6703296703297,825.2014652014652,955.7509157509156,788.1318681318681,709.9633699633699,0.295593,-0.234802,0.954529,-1.607513,-9.697418,-6.714172,1.0,1.0,1.0,2.0,1.0,100.0,,306,RHS,Male,Yes,Left
13,13,2022-11-01 14:28:35.218,0.8889198325801623,0.3134633104674877,0.0,0.6990879916497353,0.0786810352394264,0.0351702547970682,0.0,0.3527140808491903,0.4892855935812922,0.3621229803474534,0.0,0.706726897707839,0.586698639392911,0.7113936834924273,0.0,1.043611951980682,0.3932813809587356,0.4343908628296776,0.0,0.7454363894136345,798.2051282051282,811.9047619047619,726.0805860805862,810.2930402930403,775.6410256410256,0.347534,-0.222656,0.937805,-0.957031,-11.260071,-2.624359,1.0,1.0,1.0,2.0,1.0,100.0,,306,RHS,Male,Yes,Left
14,14,2022-11-01 14:28:36.211,0.8101869261250673,0.2045113018540097,0.0,0.6520491601224027,0.4133102525759338,0.0555425829102537,0.0,0.4484195188152368,0.7785201112060196,0.4592496302547672,0.0,0.780201394863382,0.6444802454958446,0.7004474775497121,0.0,1.006012887035574,0.1985374488785008,0.355268268767164,0.0,0.6978359958297383,782.4908424908425,795.7875457875458,427.9120879120879,804.6520146520147,725.6776556776557,0.331299,-0.236572,0.923767,3.461761,-4.904785,-1.457977,1.0,1.0,1.0,2.0,1.0,100.0,,306,RHS,Male,Yes,Left
15,15,2022-11-01 14:28:37.218,0.7980907477696695,0.2364043133579943,0.0,0.6383471864980881,0.4318950912658371,0.2545408370159477,0.0,0.5317078371403425,0.7548364427666336,0.4910082254844485,0.0,1.067747787631067,0.6927747810928945,0.7836919081521734,0.0,1.113608956301251,0.1364999269958576,0.260181125081954,0.0,0.8221809072702092,784.1025641025641,814.7252747252747,527.8388278388279,808.6813186813187,697.4725274725275,0.312317,-0.225098,0.942749,7.65625,-0.897217,6.033783,1.0,1.0,1.0,1.0,1.0,100.0,,306,RHS,Male,Yes,Left
16,16,2022-11-01 14:28:38.211,0.8633808076264187,0.2684643311022574,0.0,0.8084393506584865,0.3150719052668173,0.1303979662206135,0.0,0.3967209589431235,0.3253839140208715,0.3718282498747416,0.0,0.8755339502680588,0.5129777846518213,0.7265178510855267,0.0,1.059668522578976,0.1950280854367309,0.4600107254735774,0.0,0.7187785309821642,821.5750915750916,782.0879120879121,305.018315018315,808.2783882783883,969.8534798534798,0.340637,-0.257385,0.937988,1.136475,-8.463745,-1.61499,1.0,1.0,1.0,1.0,1.0,100.0,,306,RHS,Male,Yes,Left
17,17,2022-11-01 14:28:38.771,,,,,,,,,,,,,,,,,,,,,,,,,,,,,,,,,,,,,,/muse/elements/jaw_clench,306,RHS,Male,Yes,Left
18,18,2022-11-01 14:28:39.212,0.7592036829748062,0.109233396617468,0.0,0.7864658657916074,0.4254348245319426,0.0629118794540772,0.0,0.6019731970853911,0.1219628520097769,0.2253487359048137,0.0,0.907756813105303,0.4318608628397868,0.8376365149009298,0.0,1.087448179978928,0.1999005483941897,0.5274801949732784,0.0,0.5813886806985619,839.7069597069598,807.0695970695971,429.9267399267399,839.3040293040293,1018.608058608059,0.259766,-0.294312,0.959412,10.527344,-8.276825,-28.838043,1.0,1.0,1.0,1.0,1.0,100.0,,306,RHS,Male,Yes,Left
