,Unnamed: 0,TimeStamp,Delta_TP9,Delta_AF7,Delta_AF8,Delta_TP10,Theta_TP9,Theta_AF7,Theta_AF8,Theta_TP10,Alpha_TP9,Alpha_AF7,Alpha_AF8,Alpha_TP10,Beta_TP9,Beta_AF7,Beta_AF8,Beta_TP10,Gamma_TP9,Gamma_AF7,Gamma_AF8,Gamma_TP10,RAW_TP9,RAW_AF7,RAW_AF8,RAW_TP10,AUX_RIGHT,Accelerometer_X,Accelerometer_Y,Accelerometer_Z,Gyro_X,Gyro_Y,Gyro_Z,HeadBandOn,HSI_TP9,HSI_AF7,HSI_AF8,HSI_TP10,Battery,Elements,Participant,Test,Gender,English,Dominance
0,0,2022-11-01 15:59:28.485,,,,,,,,,,,,,,,,,,,,,,,,,,,,,,,,,,,,,,/muse/event/connected Muse-9E89,313,RHS,Male,No,Right
1,1,2022-11-01 15:59:29.486,0.7032474334420297,0.0,0.0,1.293219633483073,0.6120757670718523,0.0,0.0,0.8214282988029528,0.5870018570601725,0.0,0.0,1.033302833027751,0.6661928491908508,0.0,0.0,0.6260400236721068,0.7691829135800479,0.0,0.0,0.6753756570185614,913.040293040293,1128.205128205128,863.4798534798535,888.8644688644689,668.8644688644689,0.067383,0.050415,0.944275,2.729034,-3.04306,-5.136566,1.0,1.0,4.0,2.0,1.0,50.0,,313,RHS,Male,No,Right
2,2,2022-11-01 15:59:29.716,,,,,,,,,,,,,,,,,,,,,,,,,,,,,,,,,,,,,,/muse/elements/blink,313,RHS,Male,No,Right
3,3,2022-11-01 15:59:30.486,0.7032474334420297,0.0,0.0,1.293219633483073,0.6120757670718523,0.0,0.0,0.8214282988029528,0.5870018570601725,0.0,0.0,1.033302833027751,0.6661928491908508,0.0,0.0,0.6260400236721068,0.7691829135800479,0.0,0.0,0.6753756570185614,847.3626373626374,1025.054945054945,908.6080586080586,859.047619047619,564.1025641025641,0.164673,0.188843,0.975708,2.594452,2.138367,-10.878754,1.0,1.0,4.0,2.0,1.0,50.0,,313,RHS,Male,No,Right
4,4,2022-11-01 15:59:31.487,0.7032474334420297,0.0,0.0,1.293219633483073,0.6120757670718523,0.0,0.0,0.8214282988029528,0.5870018570601725,0.0,0.0,1.033302833027751,0.6661928491908508,0.0,0.0,0.6260400236721068,0.7691829135800479,0.0,0.0,0.6753756570185614,832.4542124542124,969.047619047619,867.1062271062272,830.0366300366301,683.3699633699634,0.11438,0.204712,0.988953,0.695343,-3.775787,-1.143951,1.0,2.0,4.0,2.0,2.0,50.0,,313,RHS,Male,No,Right
5,5,2022-11-01 15:59:32.488,0.8306875797994904,0.0,0.0,0.9626212325103964,0.4250816590527404,0.0,0.0,0.6727702622043724,1.031620496099556,0.0,0.0,0.5551203460064612,0.8269672514141712,0.0,0.0,0.4175781987132119,0.6404220890525956,0.0,0.0,0.3681377223291243,865.0915750915751,901.3553113553114,779.6703296703297,874.7619047619048,695.8608058608058,0.124817,0.207642,0.988403,-0.306549,-7.484283,9.346008,1.0,1.0,4.0,2.0,1.0,50.0,,313,RHS,Male,No,Right
6,6,2022-11-01 15:59:33.486,1.178108706336309,0.0,0.0,1.007174698054906,0.3908219553988955,0.0,0.0,0.7667077650411918,0.9554297152750642,0.0,0.0,0.9400336838168908,0.6968597648858047,0.0,0.0,0.5258091949418418,0.4385905087077113,0.0,0.0,0.3396241489893291,828.8278388278388,1098.388278388278,937.6190476190476,815.1282051282052,663.6263736263736,0.149597,0.18634,0.994507,0.523376,-3.9328,8.777771,1.0,1.0,4.0,2.0,1.0,50.0,,313,RHS,Male,No,Right
7,7,2022-11-01 15:59:34.170,,,,,,,,,,,,,,,,,,,,,,,,,,,,,,,,,,,,,,/muse/elements/blink,313,RHS,Male,No,Right
8,8,2022-11-01 15:59:34.394,,,,,,,,,,,,,,,,,,,,,,,,,,,,,,,,,,,,,,/muse/elements/blink,313,RHS,Male,No,Right
9,9,2022-11-01 15:59:34.485,1.164998140169764,0.0,0.0,1.1334529358237,0.2981688811736484,0.0,0.0,0.7757569263186486,0.8626376374086558,0.0,0.0,0.9312417128505912,0.6303874146417157,0.0,0.0,0.6269718526925904,0.4356456581219043,0.0,0.0,0.3729089171332051,859.4505494505495,791.7582417582418,881.2087912087912,848.1684981684982,666.0439560439561,0.181824,0.154846,0.98175,6.706696,-2.205658,-4.4487,1.0,1.0,4.0,2.0,1.0,50.0,,313,RHS,Male,No,Right
10,10,2022-11-01 15:59:35.026,,,,,,,,,,,,,,,,,,,,,,,,,,,,,,,,,,,,,,/muse/elements/blink,313,RHS,Male,No,Right
11,11,2022-11-01 15:59:35.489,1.013515289063001,0.0,0.0,1.1334529358237,0.245848396111315,0.0,0.0,0.7757569263186486,0.8626376374086558,0.0,0.0,0.9312417128505912,0.6066708955801527,0.0,0.0,0.6269718526925904,0.4156322184145174,0.0,0.0,0.3729089171332051,805.4578754578755,815.5311355311355,804.2490842490843,818.3516483516484,604.3956043956044,0.204224,0.083801,0.981506,0.822449,-6.639404,2.415009,1.0,1.0,4.0,2.0,1.0,50.0,,313,RHS,Male,No,Right
12,12,2022-11-01 15:59:36.329,,,,,,,,,,,,,,,,,,,,,,,,,,,,,,,,,,,,,,/muse/elements/blink,313,RHS,Male,No,Right
13,13,2022-11-01 15:59:36.485,1.013515289063001,0.0,0.0,1.1334529358237,0.245848396111315,0.0,0.0,0.7757569263186486,0.8626376374086558,0.0,0.0,0.9312417128505912,0.6066708955801527,0.0,0.0,0.6269718526925904,0.4156322184145174,0.0,0.0,0.3729089171332051,820.7692307692308,957.7655677655678,919.4871794871796,820.3663003663004,612.0512820512821,0.187866,0.163757,0.980164,-2.923431,-3.514099,1.682281,1.0,2.0,4.0,2.0,2.0,50.0,,313,RHS,Male,No,Right
14,14,2022-11-01 15:59:37.486,1.013515289063001,0.0,0.0,1.1334529358237,0.245848396111315,0.0,0.0,0.7757569263186486,0.8626376374086558,0.0,0.0,0.9312417128505912,0.6066708955801527,0.0,0.0,0.6269718526925904,0.4156322184145174,0.0,0.0,0.3729089171332051,817.1428571428571,732.9304029304029,728.901098901099,833.2600732600733,712.7838827838829,0.158447,0.170776,0.978455,0.919647,1.80191,-2.930908,1.0,2.0,4.0,2.0,2.0,50.0,,313,RHS,Male,No,Right
15,15,2022-11-01 15:59:38.495,1.013515289063001,0.0,0.0,1.1334529358237,0.245848396111315,0.0,0.0,0.7757569263186486,0.8626376374086558,0.0,0.0,0.9312417128505912,0.6066708955801527,0.0,0.0,0.6269718526925904,0.4156322184145174,0.0,0.0,0.3729089171332051,844.1391941391942,871.941391941392,783.2967032967033,837.6923076923077,653.1501831501831,0.151672,0.177856,0.978149,1.622467,-4.291687,2.355194,1.0,2.0,4.0,2.0,2.0,55.0,,313,RHS,Male,No,Right
16,16,2022-11-01 15:59:39.495,1.066082437429637,0.0,0.0,1.163559386984885,1.039988307263534,0.0,0.0,0.7743492191291772,0.9954852589739196,0.0,0.0,1.103302981659872,0.7776188084538678,0.0,0.0,0.8276139802461503,0.650021444690669,0.0,0.0,0.4984371450047238,776.8498168498169,757.9120879120879,807.4725274725275,763.956043956044,753.4798534798535,0.161072,0.191284,0.985901,0.70282,-3.192596,3.850555,1.0,1.0,4.0,2.0,1.0,55.0,,313,RHS,Male,No,Right
17,17,2022-11-01 15:59:40.486,1.257742374982132,0.0,0.0,1.388576600714208,1.038049061068261,0.0,0.0,1.020966990012266,1.225633575710169,0.0,0.0,1.298434800209769,0.9084811993155824,0.0,0.0,0.8824260012714026,0.5920444050976338,0.0,0.0,0.4900785595075212,1075.421245421245,496.4102564102564,670.0732600732601,1116.923076923077,719.6336996336996,0.141968,0.179077,0.985474,0.082245,-2.108459,-0.336456,1.0,1.0,4.0,2.0,1.0,55.0,,313,RHS,Male,No,Right
18,18,2022-11-01 15:59:40.512,,,,,,,,,,,,,,,,,,,,,,,,,,,,,,,,,,,,,,/muse/elements/blink,313,RHS,Male,No,Right
19,19,2022-11-01 15:59:41.495,1.386021784831296,0.0,0.0,1.389264505671439,0.9724439976640358,0.0,0.0,1.065289728352955,1.225633575710169,0.0,0.0,1.298434800209769,1.052745558828857,0.0,0.0,0.9172869162115268,0.5267613927393926,0.0,0.0,0.4682431664030012,948.901098901099,641.8681318681319,611.6483516483516,955.7509157509156,707.1428571428571,0.115356,0.187561,0.98407,1.345825,-3.730927,1.75705,1.0,1.0,4.0,2.0,1.0,55.0,,313,RHS,Male,No,Right
20,20,2022-11-01 15:59:41.720,,,,,,,,,,,,,,,,,,,,,,,,,,,,,,,,,,,,,,/muse/elements/blink,313,RHS,Male,No,Right
21,21,2022-11-01 15:59:42.098,,,,,,,,,,,,,,,,,,,,,,,,,,,,,,,,,,,,,,/muse/elements/blink,313,RHS,Male,No,Right
22,22,2022-11-01 15:59:42.490,1.386021784831296,0.0,0.0,1.389264505671439,0.9724439976640358,0.0,0.0,1.065289728352955,1.225633575710169,0.0,0.0,1.298434800209769,1.052745558828857,0.0,0.0,0.9172869162115268,0.5267613927393926,0.0,0.0,0.4682431664030012,816.7399267399268,773.6263736263736,861.0622710622711,811.9047619047619,733.7362637362637,0.117126,0.189331,0.985474,1.682281,-3.843079,1.914062,1.0,2.0,4.0,2.0,2.0,55.0,,313,RHS,Male,No,Right
23,23,2022-11-01 15:59:42.704,,,,,,,,,,,,,,,,,,,,,,,,,,,,,,,,,,,,,,/muse/elements/blink,313,RHS,Male,No,Right
24,24,2022-11-01 15:59:43.485,1.386021784831296,0.0,0.0,1.389264505671439,0.9724439976640358,0.0,0.0,1.065289728352955,1.225633575710169,0.0,0.0,1.298434800209769,1.052745558828857,0.0,0.0,0.9172869162115268,0.5267613927393926,0.0,0.0,0.4682431664030012,927.1428571428572,820.7692307692308,862.2710622710623,917.4725274725276,707.5457875457876,0.110535,0.194275,0.985291,0.971985,-2.781372,1.061707,1.0,2.0,4.0,2.0,2.0,55.0,,313,RHS,Male,No,Right
25,25,2022-11-01 15:59:43.641,,,,,,,,,,,,,,,,,,,,,,,,,,,,,,,,,,,,,,/muse/elements/blink,313,RHS,Male,No,Right
26,26,2022-11-01 15:59:44.427,,,,,,,,,,,,,,,,,,,,,,,,,,,,,,,,,,,,,,/muse/elements/blink,313,RHS,Male,No,Right
27,27,2022-11-01 15:59:44.486,1.386021784831296,0.0,0.0,1.389264505671439,0.9724439976640358,0.0,0.0,1.065289728352955,1.225633575710169,0.0,0.0,1.298434800209769,1.052745558828857,0.0,0.0,0.9172869162115268,0.5267613927393926,0.0,0.0,0.4682431664030012,842.1245421245421,807.4725274725275,797.3992673992674,824.3956043956044,552.4175824175825,0.119019,0.195496,0.979858,0.37384,-1.674805,2.699127,1.0,2.0,4.0,2.0,2.0,55.0,,313,RHS,Male,No,Right
28,28,2022-11-01 15:59:44.764,,,,,,,,,,,,,,,,,,,,,,,,,,,,,,,,,,,,,,/muse/elements/blink,313,RHS,Male,No,Right
29,29,2022-11-01 15:59:45.143,,,,,,,,,,,,,,,,,,,,,,,,,,,,,,,,,,,,,,/muse/elements/blink,313,RHS,Male,No,Right
30,30,2022-11-01 15:59:45.486,1.386021784831296,0.0,0.0,1.389264505671439,0.9724439976640358,0.0,0.0,1.065289728352955,1.225633575710169,0.0,0.0,1.298434800209769,1.052745558828857,0.0,0.0,0.9172869162115268,0.5267613927393926,0.0,0.0,0.4682431664030012,759.1208791208792,856.2271062271062,856.6300366300367,743.8095238095239,660.8058608058608,0.190674,0.126221,0.984314,-9.921722,-1.203766,20.456543,1.0,2.0,4.0,2.0,2.0,55.0,,313,RHS,Male,No,Right
