,TimeStamp,Delta_TP9,Delta_AF7,Delta_AF8,Delta_TP10,Theta_TP9,Theta_AF7,Theta_AF8,Theta_TP10,Alpha_TP9,Alpha_AF7,Alpha_AF8,Alpha_TP10,Beta_TP9,Beta_AF7,Beta_AF8,Beta_TP10,Gamma_TP9,Gamma_AF7,Gamma_AF8,Gamma_TP10,RAW_TP9,RAW_AF7,RAW_AF8,RAW_TP10,AUX_RIGHT,Accelerometer_X,Accelerometer_Y,Accelerometer_Z,Gyro_X,Gyro_Y,Gyro_Z,HeadBandOn,HSI_TP9,HSI_AF7,HSI_AF8,HSI_TP10,Battery,Elements,Participant,Test,Gender,English,Dominance
0,2022-11-02 18:41:16.782,,,,,,,,,,,,,,,,,,,,,,,,,,,,,,,,,,,,,,/muse/event/connected Muse-9E89,325,RHS,Female,Yes,Right
1,2022-11-02 18:41:16.815,0.0,0.0,0.0,0.52720344,0.0,0.0,0.0,1.0068679,0.0,0.0,0.0,0.9595159,0.0,0.0,0.0,0.5127568,0.0,0.0,0.0,0.339211,1116.1172,195.42125,694.2491,895.7143,813.91943,0.09130859375,-0.06536865234375,1.01751708984375,-0.478515625,-4.942169189453125,-5.151519775390625,1.0,1.0,2.0,2.0,1.0,80.0,,325,RHS,Female,Yes,Right
2,2022-11-02 18:41:17.286,,,,,,,,,,,,,,,,,,,,,,,,,,,,,,,,,,,,,,/muse/elements/blink,325,RHS,Female,Yes,Right
3,2022-11-02 18:41:17.826,0.0,0.0,0.0,0.52720344,0.0,0.0,0.0,1.0068679,0.0,0.0,0.0,0.9595159,0.0,0.0,0.0,0.5127568,0.0,0.0,0.0,0.339211,1240.6227,380.3663,741.39197,921.9048,864.2857,0.10198974609375,-0.0877685546875,1.01617431640625,2.55706787109375,-11.820831298828123,5.988922119140625,1.0,2.0,2.0,2.0,1.0,80.0,,325,RHS,Female,Yes,Right
4,2022-11-02 18:41:17.984,,,,,,,,,,,,,,,,,,,,,,,,,,,,,,,,,,,,,,/muse/elements/blink,325,RHS,Female,Yes,Right
5,2022-11-02 18:41:18.368,,,,,,,,,,,,,,,,,,,,,,,,,,,,,,,,,,,,,,/muse/elements/blink,325,RHS,Female,Yes,Right
6,2022-11-02 18:41:18.802,,,,,,,,,,,,,,,,,,,,,,,,,,,,,,,,,,,,,,/muse/elements/blink,325,RHS,Female,Yes,Right
7,2022-11-02 18:41:18.864,0.0,0.0,0.0,0.52720344,0.0,0.0,0.0,1.0068679,0.0,0.0,0.0,0.9595159,0.0,0.0,0.0,0.5127568,0.0,0.0,0.0,0.339211,761.53845,454.10257,869.92676,804.65204,672.8938,0.079345703125,-0.0845947265625,1.0008544921875,4.867401123046875,-2.61688232421875,-1.54022216796875,1.0,2.0,2.0,2.0,2.0,80.0,,325,RHS,Female,Yes,Right
8,2022-11-02 18:41:18.970,,,,,,,,,,,,,,,,,,,,,,,,,,,,,,,,,,,,,,/muse/elements/blink,325,RHS,Female,Yes,Right
9,2022-11-02 18:41:19.895,0.0,0.0,0.0,0.52720344,0.0,0.0,0.0,1.0068679,0.0,0.0,0.0,0.9595159,0.0,0.0,0.0,0.5127568,0.0,0.0,0.0,0.339211,137.8022,431.53845,839.707,735.7509,751.4652,0.06768798828125,-0.05206298828125,1.011474609375,6.287994384765625,-2.699127197265625,-0.61309814453125,1.0,2.0,2.0,2.0,2.0,80.0,,325,RHS,Female,Yes,Right
10,2022-11-02 18:41:20.926,0.0,0.0,0.0,0.6674778,0.0,0.0,0.0,0.8639546,0.0,0.0,0.0,0.9613321,0.0,0.0,0.0,0.66162777,0.0,0.0,0.0,0.40749073,255.86081,36.666668,592.71063,629.7802,801.4286,0.13446044921875,-0.03167724609375,1.0059814453125,1.203765869140625,-6.497344970703125,-1.92901611328125,1.0,2.0,2.0,2.0,1.0,80.0,,325,RHS,Female,Yes,Right
11,2022-11-02 18:41:21.935,0.0,0.0,0.0,0.7026318,0.0,0.0,0.0,0.9243338,0.0,0.0,0.0,0.90925294,0.0,0.0,0.0,0.64631957,0.0,0.0,0.0,0.50577927,244.17583,226.84982,635.42126,815.9341,900.9524,0.08221435546875,-0.048828125,1.0067138671875,2.01873779296875,-2.75146484375,4.762725830078125,1.0,2.0,2.0,2.0,1.0,80.0,,325,RHS,Female,Yes,Right
12,2022-11-02 18:41:22.165,,,,,,,,,,,,,,,,,,,,,,,,,,,,,,,,,,,,,,/muse/elements/blink,325,RHS,Female,Yes,Right
13,2022-11-02 18:41:22.961,0.0,0.0,0.0,0.6776022,0.0,0.0,0.0,0.9158849,0.0,0.0,0.0,0.8988271,0.0,0.0,0.0,0.66407794,0.0,0.0,0.0,0.51037717,653.1502,572.1612,864.68866,785.31134,644.68866,0.10577392578125,-0.0560302734375,0.9866943359375,0.6878662109375,-2.519683837890625,3.18511962890625,1.0,2.0,2.0,2.0,1.0,80.0,,325,RHS,Female,Yes,Right
14,2022-11-02 18:41:23.466,,,,,,,,,,,,,,,,,,,,,,,,,,,,,,,,,,,,,,/muse/elements/blink,325,RHS,Female,Yes,Right
15,2022-11-02 18:41:23.964,0.0,0.0,0.0,0.6776022,0.0,0.0,0.0,0.9158849,0.0,0.0,0.0,0.8988271,0.0,0.0,0.0,0.66407794,0.0,0.0,0.0,0.51037717,1137.4725,543.1502,813.1135,845.7509,665.64105,0.1346435546875,-0.03765869140625,0.99072265625,6.003875732421875,-7.49176025390625,-2.07855224609375,1.0,2.0,2.0,2.0,2.0,80.0,,325,RHS,Female,Yes,Right
16,2022-11-02 18:41:24.983,0.0,0.0,0.0,0.874204,0.0,0.0,0.0,0.4358033,0.0,0.0,0.0,0.9078163,0.0,0.0,0.0,0.5171642,0.0,0.0,0.0,0.4981027,898.1319,374.72528,687.3993,797.8022,823.5897,0.13995361328125,-0.0380859375,1.00518798828125,4.508514404296875,-5.211334228515625,-0.785064697265625,1.0,1.0,2.0,2.0,1.0,80.0,,325,RHS,Female,Yes,Right
17,2022-11-02 18:41:25.081,,,,,,,,,,,,,,,,,,,,,,,,,,,,,,,,,,,,,,/muse/elements/blink,325,RHS,Female,Yes,Right
18,2022-11-02 18:41:25.630,,,,,,,,,,,,,,,,,,,,,,,,,,,,,,,,,,,,,,/muse/elements/blink,325,RHS,Female,Yes,Right
19,2022-11-02 18:41:26.012,0.0,0.0,0.0,0.77434784,0.0,0.0,0.0,0.28880027,0.0,0.0,0.0,0.83381337,0.0,0.0,0.0,0.5303708,0.0,0.0,0.0,0.5779103,1369.1575,647.9121,877.5824,854.21246,716.0073,0.1640625,-0.01849365234375,1.02105712890625,3.63372802734375,-5.570220947265625,0.16448974609375,1.0,1.0,2.0,2.0,1.0,80.0,,325,RHS,Female,Yes,Right
20,2022-11-02 18:41:26.341,,,,,,,,,,,,,,,,,,,,,,,,,,,,,,,,,,,,,,/muse/elements/blink,325,RHS,Female,Yes,Right
21,2022-11-02 18:41:27.041,0.0,0.0,0.0,0.77434784,0.0,0.0,0.0,0.28880027,0.0,0.0,0.0,0.83381337,0.0,0.0,0.0,0.5303708,0.0,0.0,0.0,0.5779103,429.12088,519.7802,808.68134,722.8571,667.6557,0.133544921875,-0.03631591796875,1.00732421875,2.923431396484375,-6.77398681640625,-4.044952392578125,1.0,1.0,2.0,2.0,1.0,80.0,,325,RHS,Female,Yes,Right
22,2022-11-02 18:41:27.218,,,,,,,,,,,,,,,,,,,,,,,,,,,,,,,,,,,,,,/muse/elements/blink,325,RHS,Female,Yes,Right
23,2022-11-02 18:41:28.073,0.0,0.0,0.0,0.77434784,0.0,0.0,0.0,0.28880027,0.0,0.0,0.0,0.83381337,0.0,0.0,0.0,0.5303708,0.0,0.0,0.0,0.5779103,634.61536,512.1245,855.82416,819.9634,693.8461,0.12750244140625,-0.04132080078125,1.0126953125,2.5421142578125,-6.856231689453125,2.7215576171875,1.0,2.0,2.0,2.0,2.0,80.0,,325,RHS,Female,Yes,Right
24,2022-11-02 18:41:29.095,0.0,0.0,0.0,0.77434784,0.0,0.0,0.0,0.28880027,0.0,0.0,0.0,0.83381337,0.0,0.0,0.0,0.5303708,0.0,0.0,0.0,0.5779103,269.1575,144.24908,620.10986,708.3516,1086.3004,0.14208984375,-0.030029296875,1.00897216796875,2.1832275390625,-4.11224365234375,1.68975830078125,1.0,2.0,2.0,2.0,2.0,80.0,,325,RHS,Female,Yes,Right
25,2022-11-02 18:41:29.352,,,,,,,,,,,,,,,,,,,,,,,,,,,,,,,,,,,,,,/muse/elements/blink,325,RHS,Female,Yes,Right
26,2022-11-02 18:41:30.083,,,,,,,,,,,,,,,,,,,,,,,,,,,,,,,,,,,,,,/muse/elements/blink,325,RHS,Female,Yes,Right
27,2022-11-02 18:41:30.118,0.0,0.0,0.0,0.77434784,0.0,0.0,0.0,0.28880027,0.0,0.0,0.0,0.83381337,0.0,0.0,0.0,0.5303708,0.0,0.0,0.0,0.5779103,1041.1721,303.4066,683.7729,822.7839,760.32965,0.1075439453125,-0.05609130859375,0.9986572265625,4.20196533203125,-3.21502685546875,-4.5159912109375,1.0,2.0,2.0,2.0,2.0,80.0,,325,RHS,Female,Yes,Right
28,2022-11-02 18:41:31.142,0.0,0.0,0.0,0.77434784,0.0,0.0,0.0,0.28880027,0.0,0.0,0.0,0.83381337,0.0,0.0,0.0,0.5303708,0.0,0.0,0.0,0.5779103,1205.1648,408.57144,756.30035,857.8388,987.5824,0.124755859375,-0.04803466796875,1.00811767578125,5.076751708984375,-3.5888671875,-0.725250244140625,1.0,2.0,2.0,2.0,2.0,80.0,,325,RHS,Female,Yes,Right
29,2022-11-02 18:41:31.990,,,,,,,,,,,,,,,,,,,,,,,,,,,,,,,,,,,,,,/muse/elements/blink,325,RHS,Female,Yes,Right
30,2022-11-02 18:41:32.156,0.0,0.0,0.0,0.77434784,0.0,0.0,0.0,0.28880027,0.0,0.0,0.0,0.83381337,0.0,0.0,0.0,0.5303708,0.0,0.0,0.0,0.5779103,1519.0476,808.2784,891.685,892.49084,678.1319,0.10791015625,-0.0447998046875,1.01129150390625,2.43743896484375,-3.81317138671875,3.745880126953125,1.0,2.0,2.0,2.0,2.0,80.0,,325,RHS,Female,Yes,Right
31,2022-11-02 18:41:32.207,,,,,,,,,,,,,,,,,,,,,,,,,,,,,,,,,,,,,,/muse/elements/blink,325,RHS,Female,Yes,Right
32,2022-11-02 18:41:33.193,0.0,0.0,0.0,0.77434784,0.0,0.0,0.0,0.28880027,0.0,0.0,0.0,0.83381337,0.0,0.0,0.0,0.5303708,0.0,0.0,0.0,0.5779103,978.71796,503.663,797.3993,842.52747,794.17584,0.15185546875,-0.051513671875,1.0086669921875,2.714080810546875,-3.75335693359375,0.216827392578125,1.0,2.0,2.0,2.0,2.0,80.0,,325,RHS,Female,Yes,Right
33,2022-11-02 18:41:34.207,0.0,0.0,0.0,0.6378742,0.0,0.0,0.0,0.55265135,0.0,0.0,0.0,0.91805255,0.0,0.0,0.0,0.62704664,0.0,0.0,0.0,0.35759515,463.7729,188.1685,625.34796,770.0,856.2271,0.127685546875,-0.05450439453125,1.0020751953125,2.76641845703125,-4.927215576171875,2.5421142578125,1.0,1.0,2.0,2.0,1.0,80.0,,325,RHS,Female,Yes,Right
34,2022-11-02 18:41:35.238,0.0,0.0,0.0,0.7779281,0.0,0.0,0.0,0.4685719,0.0,0.0,0.0,0.92033964,0.0,0.0,0.0,0.63602155,0.0,0.0,0.0,0.259757,155.53113,464.1758,751.06226,752.27106,645.4945,0.15234375,-0.0543212890625,1.00732421875,2.071075439453125,-4.20196533203125,-1.7047119140625,1.0,2.0,2.0,2.0,1.0,80.0,,325,RHS,Female,Yes,Right
35,2022-11-02 18:41:35.653,,,,,,,,,,,,,,,,,,,,,,,,,,,,,,,,,,,,,,/muse/elements/blink,325,RHS,Female,Yes,Right
36,2022-11-02 18:41:36.273,0.0,0.0,0.0,0.82212627,0.0,0.0,0.0,0.42158034,0.0,0.0,0.0,0.9965492,0.0,0.0,0.0,0.64804304,0.0,0.0,0.0,0.18353556,247.8022,663.6264,867.1062,743.4066,687.3993,0.120849609375,-0.06951904296875,0.99810791015625,1.95892333984375,-1.89910888671875,-6.05621337890625,1.0,2.0,2.0,2.0,1.0,75.0,,325,RHS,Female,Yes,Right
37,2022-11-02 18:41:37.292,0.0,0.0,0.0,0.41867304,0.0,0.0,0.0,0.26322496,0.0,0.0,0.0,0.9389678,0.0,0.0,0.0,0.71014947,0.0,0.0,0.0,0.11107426,658.7912,263.11356,687.3993,788.5348,792.5641,0.14874267578125,-0.0538330078125,1.00518798828125,-0.07476806640625,-1.876678466796875,-0.49346923828125,1.0,1.0,4.0,2.0,1.0,75.0,,325,RHS,Female,Yes,Right
38,2022-11-02 18:41:38.313,0.0,0.0,0.0,0.72486526,0.0,0.0,0.0,0.45976576,0.0,0.0,0.0,0.96329904,0.0,0.0,0.0,0.7880366,0.0,0.0,0.0,0.2833227,416.63004,259.48718,626.9597,760.32965,770.80585,0.15728759765625,-0.04864501953125,0.9959716796875,5.166473388671875,-5.540313720703125,-3.222503662109375,1.0,1.0,4.0,2.0,1.0,75.0,,325,RHS,Female,Yes,Right
39,2022-11-02 18:41:39.326,0.0,0.0,0.0,0.64074564,0.0,0.0,0.0,0.6927978,0.0,0.0,0.0,0.93855494,0.0,0.0,0.0,0.714325,0.0,0.0,0.0,0.2987462,290.91574,615.2747,849.7802,724.4689,653.5531,0.125732421875,-0.06396484375,0.9989013671875,1.016845703125,-3.1402587890625,1.009368896484375,1.0,1.0,2.0,2.0,1.0,75.0,,325,RHS,Female,Yes,Right
40,2022-11-02 18:41:40.351,0.0,0.0,0.0,0.52698,0.0,0.0,0.0,0.60257524,0.0,0.0,0.0,0.7487652,0.0,0.0,0.0,0.6550044,0.0,0.0,0.0,0.17932087,1307.9121,313.07693,727.6923,846.1539,1070.1831,0.11968994140625,-0.04937744140625,1.0081787109375,5.1739501953125,-2.803802490234375,-4.972076416015625,1.0,1.0,2.0,2.0,1.0,75.0,,325,RHS,Female,Yes,Right
41,2022-11-02 18:41:41.380,0.0,0.0,0.0,0.6321279,0.0,0.0,0.0,0.54869944,0.0,0.0,0.0,0.9546775,0.0,0.0,0.0,0.7196231,0.0,0.0,0.0,0.10237058,832.0513,217.17949,681.3553,872.74725,978.315,0.13201904296875,-0.0428466796875,1.01593017578125,6.258087158203125,-5.30853271484375,-1.712188720703125,1.0,1.0,2.0,1.0,1.0,75.0,,325,RHS,Female,Yes,Right
42,2022-11-02 18:41:41.734,,,,,,,,,,,,,,,,,,,,,,,,,,,,,,,,,,,,,,/muse/elements/blink,325,RHS,Female,Yes,Right
43,2022-11-02 18:41:42.398,0.0,0.0,0.0,0.4652617,0.0,0.0,0.0,0.63335156,0.0,0.0,0.0,0.9914959,0.0,0.0,0.0,0.66422886,0.0,0.0,0.0,0.049275324,1345.3846,506.0806,737.76556,851.39197,936.0073,0.161376953125,-0.0518798828125,0.99749755859375,-0.179443359375,-3.81317138671875,3.282318115234375,1.0,1.0,2.0,2.0,1.0,75.0,,325,RHS,Female,Yes,Right
44,2022-11-02 18:41:43.412,0.0,0.0,0.0,0.98979455,0.0,0.0,0.0,0.65690285,0.0,0.0,0.0,0.3517762,0.0,0.0,0.0,0.6505424,0.0,0.0,0.0,0.060499493,1486.8132,688.20514,883.22345,882.4176,664.0293,0.133056640625,-0.057861328125,1.01593017578125,-0.0299072265625,0.381317138671875,1.757049560546875,1.0,1.0,2.0,2.0,1.0,75.0,,325,RHS,Female,Yes,Right
45,2022-11-02 18:41:44.431,0.0,0.0,0.0,0.89362055,0.0,0.0,0.0,0.9775732,0.0,0.0,0.0,1.4121042,0.0,0.0,0.0,0.620926,0.0,0.0,0.0,0.4062724,1309.5238,680.54944,840.10986,871.13556,894.90845,0.1533203125,-0.08551025390625,0.987060546875,-0.61309814453125,-1.203765869140625,6.77398681640625,1.0,1.0,2.0,2.0,1.0,75.0,,325,RHS,Female,Yes,Right
46,2022-11-02 18:41:45.199,,,,,,,,,,,,,,,,,,,,,,,,,,,,,,,,,,,,,,/muse/elements/blink,325,RHS,Female,Yes,Right
47,2022-11-02 18:41:45.444,0.0,0.0,0.0,0.6910753,0.0,0.0,0.0,0.8800034,0.0,0.0,0.0,1.4413109,0.0,0.0,0.0,0.7388398,0.0,0.0,0.0,0.5714738,1282.5275,348.5348,686.5934,869.12085,789.34064,0.13665771484375,-0.06463623046875,1.03033447265625,7.633819580078125,-8.314208984375,-8.0450439453125,1.0,2.0,2.0,2.0,1.0,75.0,,325,RHS,Female,Yes,Right
48,2022-11-02 18:41:46.470,0.0,0.0,0.0,0.69587207,0.0,0.0,0.0,0.27044627,0.0,0.0,0.0,1.042682,0.0,0.0,0.0,0.7937829,0.0,0.0,0.0,0.4208973,1199.1208,555.64105,828.4249,842.9304,653.5531,0.11358642578125,-0.0823974609375,1.00347900390625,3.94775390625,-4.007568359375,-4.11224365234375,1.0,2.0,2.0,2.0,1.0,75.0,,325,RHS,Female,Yes,Right
49,2022-11-02 18:41:47.478,0.0,0.0,0.0,0.69587207,0.0,0.0,0.0,0.27044627,0.0,0.0,0.0,1.042682,0.0,0.0,0.0,0.7937829,0.0,0.0,0.0,0.4208973,553.22345,0.0,450.07327,813.5165,1268.8279,0.13958740234375,-0.0750732421875,0.99261474609375,2.25799560546875,-1.5252685546875,-1.637420654296875,1.0,2.0,2.0,2.0,1.0,75.0,,325,RHS,Female,Yes,Right
50,2022-11-02 18:41:47.846,,,,,,,,,,,,,,,,,,,,,,,,,,,,,,,,,,,,,,/muse/elements/blink,325,RHS,Female,Yes,Right
